203739856	3.749626
203739970	5.557583
203740010	3.82735
203740157	0.533804
203740270	3.988317
203740672	0.003588
203740798	3.681607
203740861	1.947239
203740938	2.250809
203741362	1.719234
203744445	-0.291172
203744454	-0.291172
203744610	-0.364315
203745327	-0.319997
203745885	-0.158422
203746816	-0.872143
203747522	-0.552355
203748776	0.081206
203748786	1.091668
203749439	-0.547428
203750049	-0.306302
203750272	-0.118203
203751850	-0.673063
203751932	-0.491102
203751981	1.240026
203753016	1.762205
203753072	0.029688
203756677	-0.399217
203757916	1.246961
203758396	5.632762
203758521	3.679534
203758551	3.681289
203761677	-0.953585
203763076	-2.054706
203763864	-0.79999
203764809	-0.711256
203765563	0.35197
203765564	0.353099
203765756	-0.194541
203766367	-0.692686
203766563	-1.058052
203768786	1.41567
203769112	-0.412162
203769803	-0.344484
203770029	-0.273469
203771260	-0.315734
203771652	-0.345219
203771817	-0.676764
203772984	0.131013
203773237	2.039185
203773686	-0.221761
203774734	-0.166735
203774748	-0.166735
203775475	2.045567
203775711	1.477756
203775712	0.07469
203780479	-0.335771
203780515	1.39403
203783009	-0.888624
203783484	1.00415
203784202	-0.399995
203786274	-0.559993
203786812	1.241863
203787120	1.626162
203787405	1.476675
203788950	-0.879991
203789679	-1.019387
203790889	1.320515
203791333	-0.092176
203791912	-0.31844
203792628	-0.380182
203793376	-0.799971
203794262	-1.694369
203794439	-3.747995
203795717	3.67461
203795762	3.675137
203795987	3.427777
203795990	3.639143
203796814	-0.744702
203798318	-0.637081
203799355	-0.555436
203801226	-0.559994
203804289	-0.630953
203805552	1.903095
203805929	0.241936
203805939	0.180126
203806724	-0.612296
203808532	-0.37478
203808835	-0.386829
203811628	1.94569
203811902	1.639213
203811912	-0.098696
203812923	-0.559993
203814694	-0.856432
203815740	-0.555319
203816494	0.104873
203818299	-0.634048
203819471	0.476397
203820275	-0.600199
203821793	-0.637499
203822891	-0.719863
203823400	-0.479736
203825106	-0.446563
203826396	-0.235166
203827432	1.96862
203827480	1.96862
203827675	3.771616
203828192	-0.373814
203829225	1.348824
203829284	-0.379951
203830228	-0.619852
203830851	3.474424
203831212	3.806428
203831252	3.810056
203831352	0.618312
203832120	-0.14241
203833018	-0.330737
203833877	-0.879861
203835177	-0.466084
203836507	-0.479737
203837573	-1.026265
203838961	-0.399866
203839628	-0.942337
203840565	0.814307
203840973	1.060438
203842661	-0.611138
203843133	-0.291648
203844480	-0.868693
203845828	1.401142
203845996	-0.007869
203846817	-0.077511
203847325	1.945166
203847382	1.943681
203847417	3.67914
203848402	-0.534998
203848724	-0.210858
203850011	-0.46792
203855342	-0.559994
203859038	-0.691213
203859391	-0.887287
203861113	-0.470794
203861910	-0.250527
203861954	-0.330526
203862724	-0.559528
203865515	-0.542095
203866336	-0.479995
203866857	-0.719601
203867698	-0.552764
203868266	-0.794025
203869616	-0.114278
203869847	-0.22809
203870108	1.219349
203872228	-0.879865
203873289	-1.331392
203873743	-0.506747
203873912	-0.466864
203874133	-0.662247
203876923	-0.611514
203877233	-0.535527
203880834	0.150321
203880992	0.067577
203882558	-0.158135
203882593	-0.039813
203883193	-0.223744
203883695	-0.319993
203884308	-0.04797
203884650	-0.385051
203888858	-0.559162
203892767	0.186786
203893999	-0.300886
203894227	-0.625357
203897946	-2.288924
203905718	-0.559989
203909305	-0.719992
203913552	-0.113811
203913942	0.204153
203916487	-0.337238
203916490	-0.291434
203918839	-1.039988
203921448	-0.477888
203923447	-0.559994
203925360	-0.463588
203926271	0.105839
203927551	-0.212227
203927587	-0.133804
203928838	1.887012
203929710	0.538457
203931012	-0.798652
203931597	-1.999979
203932176	-1.023987
203933339	-0.671821
203935564	-0.469907
203937175	-0.639698
203937908	-0.391579
203939640	-0.702672
203939969	0.06446
203941042	-0.799759
203943168	-0.223716
203943299	-0.465927
203944028	-0.319993
203949956	-0.559988
203951550	-0.639988
203952059	-0.892617
203955273	-0.959966
203959337	-0.730968
203960587	-0.798853
203962030	0.954472
203962092	-0.293452
203962146	0.826099
203964137	-0.719991
203967197	0.978354
203968973	0.844564
203969504	-5.103051
203970283	-10.719605
203971087	-0.559988
203975874	-1.189224
203975958	-0.707336
203980033	-0.567603
203980197	1.100859
203983940	-0.247538
203984117	-0.486583
203987554	-0.719978
203990423	-0.532405
203990789	-0.42351
203991488	-0.060748
203991936	0.060602
203993512	-1.058768
203994814	-0.559991
203995405	-0.632817
203996635	-0.636441
203998336	-0.559926
204006637	-0.879068
204008434	-0.719992
204009057	-0.635579
204012790	-0.079038
204015972	-0.473099
204017937	-0.791998
204019762	2.193548
204020797	-0.399995
204025388	-0.673411
204025778	-0.676302
204027701	-0.281232
204028564	0.179683
204028986	2.730498
204029153	0.390164
204029295	1.253785
204031137	-0.664536
204034967	-0.479995
204036357	-0.413396
204037047	-0.297715
204040206	-0.185455
204040296	0.114777
204041098	-0.639661
204042568	-2.958036
204043606	-0.526062
204044049	0.582167
204044213	-0.021879
204046526	-0.457609
204048840	-0.959187
204049620	-0.319997
204050474	-0.638913
204051009	-0.559991
204051930	-0.333054
204053742	-0.533031
204054141	0.044588
204054597	1.436711
204054834	1.304114
204056678	-0.460412
204057601	-0.87805
204060148	-0.398053
204060889	-0.639735
204062329	1.178777
204062728	-0.714767
204062730	0.595977
204063350	-0.45052
204063648	-0.080308
204064839	0.136647
204070956	1.250285
204079313	-0.639987
204081675	0.842967
204085635	-1.039989
204086859	-0.937888
204088522	-0.479995
204093040	-0.958982
204093755	-1.039985
204094581	0.499091
204094965	0.329795
204099222	-0.319996
204101157	-1.498055
204105403	-0.377798
204106164	-0.318938
204107025	-0.478945
204109146	-0.799016
204110748	-0.288519
204111220	-0.373019
204115901	-0.719992
204116660	-0.755988
204117167	-0.755975
204118239	0.94975
204118308	1.031979
204120214	-0.719992
204120959	-0.570717
204121063	-0.273462
204121145	-0.158347
204123832	-0.016775
204125268	0.28942
204125426	0.351077
204129311	-0.958992
204129896	-0.559624
204130425	1.218061
204133565	-0.65602
204134282	-0.879229
204135270	-0.639979
204135872	-0.799992
204136753	-0.879985
204142528	-0.959004
204143126	-0.479995
204144460	-0.53852
204147222	-0.398832
204148239	-1.541339
204151503	-0.924309
204152135	1.132193
204152381	1.211212
204152533	1.230486
204153785	-0.422232
204154552	-0.363067
204154677	-0.107642
204158375	-0.859777
204159153	-0.708948
204163145	-1.119931
204165553	-2.757116
204167374	-0.879957
204169949	1.268854
204174073	-0.559878
204176813	1.934589
204176960	1.696318
204177134	3.352782
204180450	0.776647
204180751	-0.510657
204180921	-0.385849
204181332	-0.586152
204184095	-0.719851
204188321	-0.879988
204189474	-0.377834
204189715	-0.198391
204190907	-0.639993
204191705	1.056423
204192201	-0.212172
204193688	-1.073266
204195663	-0.639535
204196618	-0.717719
204198303	-0.615282
204198670	-0.372891
204199600	-0.879991
204201065	-0.639413
204201568	-0.608044
204202838	-0.798988
204208104	-0.312013
204208766	-0.626901
204211756	0.009525
204211886	-0.14994
204212491	1.805682
204212907	1.81375
204215026	0.568996
204215232	0.566999
204215411	-0.623654
204218460	1.836891
204218873	-0.068182
204221823	-0.639845
204226003	-0.209344
204226331	-0.449321
204229472	-0.399186
204232596	-1.11836
204235476	-1.198409
204238402	1.105713
204238788	-0.612743
204241639	-0.559839
204242897	-0.410914
204242900	0.63898
204242981	-0.520019
204243759	-1.199973
204244429	-0.879324
204245500	-0.394883
204249399	-1.119988
204251116	-0.99139
204252908	-0.605331
204257926	-0.319997
204258741	-0.639877
204261723	-0.463779
204262626	-0.477928
204265873	0.125324
204265930	0.125324
204266343	-0.523949
204268505	-0.479995
204269486	-0.579424
204270954	1.198145
204271217	0.09944
204271511	0.420227
204272090	-0.399484
204276327	-0.639984
204277478	0.040397
204277608	0.038686
204278319	-0.446011
204278708	-0.752168
204279165	-0.926006
204280602	1.409916
204280652	1.949915
204280942	3.484539
204281120	0.494806
204285774	-0.959982
204290037	1.223761
204292517	-0.319945
204294412	-0.95999
204301296	-0.639982
204304214	-0.238915
204305093	-0.319996
204306356	0.826498
204306452	0.962363
204309325	-1.598254
204315394	1.169761
204315618	1.169761
204316532	-0.719056
204317553	-0.239997
204319839	-0.639993
204322298	-0.317616
204322982	-0.479995
204324094	-0.951315
204327211	0.293248
204327639	0.344516
204328474	-0.825782
204353126	0.283749
204353217	-0.090256
204355523	0.491834
204355822	0.635717
204359425	-0.708277
204360201	-0.719992
204364150	-0.679158
204364721	-0.795299
204366453	0.766727
204366581	0.688837
204366776	0.25419
204369324	-1.679892
204370203	-1.039982
204371468	-1.10884
204372337	-0.392795
204374764	-0.479993
204377871	-1.111757
204378226	-0.914875
204384361	-0.799992
204387482	-0.619632
204394236	-0.857567
204402793	-0.850352
204403662	1.827359
204406726	-0.719118
204410426	-1.755439
204421504	-0.399996
204424549	0.471039
204424666	1.118955
204425613	-1.119988
204426245	-1.039989
204426761	-0.18384
204427247	0.377679
204427340	-0.095048
204428776	-0.799992
204429450	0.186161
204429558	-0.100481
204430093	-0.399996
204432604	-0.478939
204433184	-0.558936
204434878	-0.719992
204435660	-0.605771
204435946	-0.939006
204436759	1.531645
204436921	1.861116
204436993	1.4505
204438198	1.573479
204438529	0.551474
204438639	1.808657
204439189	-0.471968
204439623	3.810632
204439701	3.318182
204439759	3.398181
204439982	4.536492
204440081	6.135811
204440345	2.774298
204440428	1.828577
204440491	1.60716
204441505	2.879481
204441557	1.77723
204441689	2.876812
204441893	3.037293
204442416	4.02283
204442447	2.837885
204442556	2.75486
204442633	2.60771
204443299	-0.479995
204444331	-0.534599
204445827	-0.904862
204446144	-1.077237
204447861	3.322869
204448166	3.721152
204448286	4.118642
204448849	6.035314
204448900	6.115825
204448986	7.995884
204449216	6.29613
204449333	6.379742
204449445	3.729372
204449959	-0.3456
204450200	1.426423
204450569	1.348172
204451418	-0.209457
204451609	-0.970003
204452173	-1.320419
204452174	-0.168443
204454204	-0.18482
204454414	0.185367
204454729	1.170562
204455160	-0.142316
204457098	-0.615601
204457283	-0.480586
204457304	-0.559974
204457955	-0.752383
204458021	0.327786
204459029	1.789828
204459179	2.152139
204459206	0.416413
204459647	4.246017
204459703	2.241249
204459716	3.824172
204460296	-0.323654
204460391	-0.399539
204460954	-0.074762
204461146	1.019404
204461375	0.953154
204461526	0.599732
204461533	0.597722
204461616	0.519135
204463359	0.131985
204463545	0.206303
204464619	0.909664
204465025	0.367235
204465119	2.151697
204465475	2.514768
204465676	2.125793
204465690	3.04879
204466135	1.976292
204466812	-0.559994
204468456	1.092889
204468474	2.014172
204468600	1.162635
204469531	-0.318013
204470084	1.105716
204470331	1.102891
204470900	1.374331
204471118	3.65449
204471389	4.608236
204471418	2.943297
204471473	1.873979
204473138	-1.083547
204473339	-0.227122
204473751	0.000526
204473960	-0.44691
204475960	-0.665412
204476881	-0.361973
204476931	-0.493513
204477552	-0.879974
204479573	-0.878504
204480425	-1.349377
204480746	-1.376827
204482006	-0.40505
204482100	-1.179028
204482318	-0.925014
204482801	-0.891901
204484325	-0.95999
204488898	-0.154984
204492673	-0.79975
204493651	-0.559796
204494698	-0.559981
204497336	-0.955899
204498965	-0.879991
204500990	-1.358979
204501738	-0.799992
204507714	-0.981284
204507857	-0.902677
204509054	-1.279699
204509728	-1.199982
204511826	0.351886
204512294	0.589442
204512861	-0.941547
204513610	-0.712044
204517033	-0.001178
204517712	-1.079875
204518326	-1.657459
204522634	-0.756755
204525230	-0.695725
204525774	0.545532
204526235	-1.310357
204528828	-0.047943
204529949	-0.749452
204530025	2.292124
204530715	1.037734
204530789	2.207749
204536476	0.01075
204545178	-0.54348
204545414	-0.343994
204553757	-0.71357
204555946	-0.781075
204558802	-0.959138
204561777	-0.639535
204563949	-0.44425
204563958	-0.440284
204563961	-0.440284
204569717	0.507855
204570000	0.930186
204570092	0.998062
204570378	0.838397
204570826	0.225178
204571909	1.673905
204572006	1.312235
204572034	0.108038
204572057	0.941211
204572140	-0.104221
204572677	-0.719805
204573302	-0.465465
204573392	-0.842564
204574890	-0.479691
204575951	-0.392776
204576776	-0.356513
204577204	0.32852
204577559	-0.241241
204577905	-0.806895
204578797	-1.393185
204581195	-0.875068
204582679	0.911384
204583163	1.168497
204585502	-0.594485
204586037	0.283556
204586076	-0.636952
204586676	-0.579633
204587269	-0.536205
204588382	-0.767754
204588867	1.515347
204589281	2.348443
204589770	4.350435
204589944	2.424218
204590071	3.669212
204590335	0.384058
204591153	-0.775622
204592021	-1.199987
204594512	-0.298372
204595220	-0.262728
204595519	-0.422931
204595597	-0.903413
204596729	0.13404
204597033	0.203705
204597688	-0.319927
204600457	-0.352282
204602929	-1.017815
204604603	0.383783
204605029	4.275855
204605288	3.921758
204605343	3.408678
204605455	4.166238
204605487	5.429293
204606215	1.599092
204606632	1.753732
204606774	0.463028
204608177	-0.587572
204608664	1.377654
204609274	1.038168
204609318	2.471364
204609402	2.553493
204609555	4.291158
204609987	1.564605
204610004	0.461219
204611195	-0.239962
204613654	-0.319657
204614508	-0.513289
204615676	-5.341796
204616807	-1.114451
204619397	-0.555094
204620614	-0.208385
204620693	-0.208885
204621491	-0.719984
204622019	-0.450726
204623245	-0.269107
204623481	0.486597
204624056	-0.716339
204627407	0.243688
204627409	1.494904
204627500	0.690974
204628328	1.365276
204628810	1.7642
204629421	-0.319997
204631016	-0.31471
204631712	0.456645
204632071	-0.747153
204632810	5.129569
204632861	3.969374
204632931	5.130559
204633156	5.459253
204633260	5.532357
204633514	0.704446
204633784	-0.434004
204634004	-0.434716
204634569	1.94933
204634730	0.538108
204634767	0.392623
204635693	0.423931
204636190	-0.030011
204636472	0.403854
204642322	1.628121
204642460	0.923309
204642462	0.923309
204642533	0.760345
204643498	-0.482978
204643499	0.378376
204643711	0.494936
204643808	0.104035
204643999	-1.227572
204644018	0.385839
204646188	-0.52684
204647261	-0.950404
204648116	-0.45411
204648363	-0.107704
204649276	-1.202608
204649338	-0.197279
204650328	-1.472801
204652264	-0.638564
204653886	0.032391
204654980	-0.558072
204659286	-1.138887
204659985	-0.677493
204661197	3.18223
204661524	2.699794
204661673	4.077134
204661674	2.93313
204662029	2.45411
204672121	0.041719
204676238	-0.796374
204676432	2.527437
204678255	-0.919286
204679031	-0.396191
204682273	-1.11983
204683511	-0.600757
204684835	-1.437267
204687712	-0.692494
204690355	-0.70435
204690580	-0.704785
204691538	-0.87765
204692216	-0.875693
204693137	-1.405673
204693736	0.662319
204693876	3.486994
204694235	7.880903
204694263	5.076222
204694280	6.806122
204694351	-0.156023
204694465	9.554913
204694547	-0.235608
204694611	6.019735
204694621	11.107139
204694784	7.25407
204694805	7.252072
204694952	7.401601
204694974	5.85785
204695788	-0.95999
204696941	-0.387856
204696982	-0.203113
204697133	-0.184209
204698111	-1.083201
204698369	-1.221148
204699952	-1.279986
204700574	-0.231887
204700689	-0.056795
204701554	0.793273
204701865	1.805438
204702013	1.183321
204702249	2.18558
204702660	-0.082506
204702855	-1.192059
204702907	-1.323622
204704702	0.806333
204705157	0.895123
204706107	-0.799877
204706865	0.120225
204707138	3.237046
204707417	2.504699
204707585	2.42201
204708646	1.016187
204708720	0.650108
204708749	-0.705392
204708776	1.016187
204709349	-0.604478
204712143	-0.796431
204713891	-0.63717
204715576	-0.879956
204717713	-0.799992
204718729	-0.399563
204720139	-0.559988
204720895	-0.29601
204721132	-0.553634
204721752	0.341734
204722159	0.987582
204722752	-0.478648
204723541	0.27596
204723750	0.057409
204729153	-0.399995
204729795	-0.559994
204730465	0.701391
204730901	1.743674
204731005	0.521735
204731089	0.711525
204731188	0.683739
204731519	0.170176
204732714	-0.467253
204733588	-1.359986
204734487	-0.879991
204738919	-0.41826
204738938	-0.377392
204739781	0.605821
204739823	0.605821
204740171	-0.007437
204740675	1.834539
204740866	1.593501
204741166	2.251517
204741550	0.810893
204742934	-0.225781
204743409	0.333703
204743801	-0.435352
204744097	0.003482
204744530	1.676624
204744824	0.95277
204745003	0.01319
204745132	1.592123
204745163	1.512142
204745427	1.196146
204745584	1.270433
204746767	-0.748037
204746942	-0.719264
204749250	-0.399842
204749917	-0.719383
204751870	-0.834545
204752161	-1.116022
204753569	-1.012501
204754353	-0.681685
204754369	-0.799391
204754591	-0.735078
204755302	-0.232605
204755309	0.306283
204756905	-1.119961
204757804	-1.115912
204758358	-0.439264
204758695	-0.243207
204758746	-0.169801
204759452	0.479123
204759530	0.771788
204759792	1.567362
204759798	0.881405
204760064	1.307288
204760656	-0.719009
204762327	-0.639888
204762957	0.084693
204763044	1.131943
204763227	-0.461975
204763417	2.902835
204763831	0.920886
204763882	-0.266484
204764418	0.377611
204764610	0.308522
204764814	0.867122
204765194	1.171769
204765665	1.873349
204765979	0.736985
204766626	-0.299499
204767030	0.973749
204767108	0.89375
204769054	0.21078
204769257	2.362354
204769395	2.282455
204769396	-0.388962
204769720	2.954039
204770054	-1.415408
204770169	-0.012958
204770803	-0.821678
204771078	-0.529596
204771183	-0.449059
204771514	0.058326
204772166	-0.095225
204772618	-0.366363
204773679	-1.03915
204774443	-1.019209
204774617	-0.118496
204775805	-0.543763
204775854	0.907311
204776176	-0.417656
204777404	-0.064562
204777741	3.731547
204777818	0.675936
204778094	0.255921
204778600	1.283434
204779005	1.268292
204779181	-0.592577
204780841	-0.917075
204781020	-0.992541
204781918	-0.347336
204781920	-0.184623
204782575	-0.799946
204783582	-0.676997
204783699	-0.709244
204784212	-0.479995
204785385	0.754072
204785456	0.943658
204786023	-1.04211
204786162	-0.542252
204786317	0.385941
204786474	0.145944
204787134	-1.359965
204788156	-1.359986
204788795	-0.799982
204790611	-1.553828
204790937	-1.575285
204791469	-0.416919
204791529	-0.422079
204792409	-0.904793
204792732	-0.94963
204793298	0.990024
204793339	0.910024
204793542	-0.113668
204794496	0.319742
204794757	0.381649
204794952	1.023414
204795112	0.648497
204795540	3.423549
204795876	0.685736
204796094	-0.189168
204797790	1.409578
204798020	3.510368
204798402	1.398894
204799102	-0.606789
204800126	-0.04376
204800845	-0.438535
204801768	0.164991
204801980	0.384065
204802105	1.457352
204802578	-0.209681
204804494	-0.811878
204805211	-0.632365
204806452	-1.03851
204807655	0.944949
204807838	0.707182
204811623	-0.952582
204812993	-0.751221
204813637	-0.601375
204813644	-0.604134
204814676	-0.72613
204814896	1.499002
204815902	-0.642189
204816382	-0.054946
204816575	-0.372516
204818844	0.338092
204818981	0.117013
204819106	1.346403
204819225	0.012918
204819538	0.604487
204819551	0.516485
204819570	0.753448
204820058	-0.441525
204821614	0.667658
204821842	0.128015
204822265	1.982919
204824283	-1.311366
204825286	2.267881
204825729	1.75982
204826095	1.64187
204831149	-0.408047
204831313	-0.38066
204831372	2.401342
204831455	2.55237
204831469	0.172707
204831512	2.461946
204831609	2.812644
204832438	1.849765
204832645	1.418828
204832739	-0.543388
204832756	2.910664
204832931	3.229041
204833217	1.13235
204833769	1.070111
204834097	0.625152
204834117	1.508097
204834178	1.500862
204834255	1.411533
204834424	0.507551
204834613	0.963748
204835376	-0.219371
204835807	0.75885
204835869	0.923551
204835879	0.545515
204836074	0.292833
204836514	-0.594821
204836598	-0.243946
204837211	0.141686
204837429	0.863431
204837629	0.61898
204837749	0.040197
204838058	1.176547
204838312	2.578988
204838418	4.106962
204838649	3.847169
204838867	4.497002
204839149	3.808776
204839297	2.323423
204839418	0.012723
204840132	-0.630762
204842467	0.809706
204842468	0.810092
204842532	0.909954
204842740	0.773187
204843682	-0.392091
204844054	0.852677
204844695	-1.112176
204845813	-0.865272
204846228	-1.082343
204847141	-0.959972
204848455	-0.465467
204849533	-0.952715
204850991	-1.999935
204852244	-1.039989
204852795	-1.759938
204853697	-1.279547
204859514	-1.118767
204860025	-1.118055
204862688	-0.746381
204865569	1.252325
204865802	0.129218
204866308	0.209296
204866577	-0.55779
204869057	-1.119964
204869970	0.696541
204870248	0.612395
204872034	-1.678998
204873202	-0.29066
204873534	1.50911
204873565	-0.839562
204874975	2.291743
204875840	-1.177574
204877070	-0.709381
204878218	-0.166011
204878881	-1.18769
204881308	-0.056704
204884632	0.224115
204884819	-0.76585
204886384	-0.715589
204888819	0.498923
204890828	-0.428786
204893242	0.147712
204895160	-1.057019
204900423	-1.192344
204905077	-0.464853
204910734	0.165908
204910909	-0.154475
204911701	-0.631267
204916206	-0.048258
204917379	-0.041377
204917439	-0.699896
204921552	-0.442222
204925878	0.011955
204927378	1.024534
204927384	1.025517
204927812	1.60762
204928844	-0.765604
204930722	-0.546596
204933081	1.042789
204934310	-0.024619
204935112	1.264663
204935262	4.110388
204935611	1.359709
204935691	1.436924
204936989	-0.399996
204938046	1.142289
204938050	1.915798
204938396	1.73953
204940309	0.048819
204940432	0.148536
204940941	1.667961
204941305	2.634364
204941354	3.401988
204941538	1.586063
204942388	2.738225
204942418	3.682282
204942679	3.263088
204942768	4.830082
204943058	1.429715
204943243	1.283969
204943386	0.559449
204946012	-0.986115
204946211	-1.095287
204946974	4.970471
204946982	4.980887
204947037	5.047174
204947306	7.397181
204947329	7.403351
204947463	8.971696
204947589	3.590632
204947901	3.322052
204948207	0.940816
204948909	-0.067489
204949091	0.092977
204949865	-1.119947
204950452	-1.679946
204951268	0.736703
204951416	1.497503
204951722	1.4999
204953049	1.660805
204953080	2.43028
204953541	1.737259
204955230	1.14183
204955316	1.230581
204955360	1.009062
204955616	1.068425
204956194	-0.71975
204957477	1.613045
204957519	1.613045
204957685	1.452089
204957945	1.546984
204958371	0.965698
204958733	0.255293
204960589	-1.117695
204961945	0.53173
204962138	0.949905
204962634	1.946926
204962682	5.572154
204962701	4.807457
204962900	5.701986
204963001	5.784833
204963129	5.864832
204963215	3.910637
204963978	1.168485
204964206	2.979262
204964660	1.520988
204964919	1.209826
204965359	-0.209444
204966683	0.226451
204966813	-0.836207
204967154	2.01506
204967403	4.890475
204967508	4.34938
204967832	6.261821
204967861	6.264789
204967907	7.314855
204967966	7.577692
204968285	3.529937
204968382	3.141544
204968437	2.709929
204968821	1.790447
204969004	3.455801
204969056	3.538039
204969138	3.618963
204969373	5.881499
204969407	6.410961
204969670	4.927107
204969778	6.962465
204969905	4.836576
204970171	4.310173
204970511	0.18152
204971093	5.451835
204971198	3.975194
204971280	4.421204
204971296	5.93484
204971516	4.039527
204971711	3.590198
204975224	-0.070933
204977614	-0.483512
204978068	1.229879
204979611	-0.19735
204980917	-0.715619
204981691	-0.419959
204984795	-1.015241
204986334	-0.550929
204987165	-0.729307
204987846	-0.263703
204987949	-0.513888
204988397	0.036208
204988472	-0.446416
204989032	-0.389069
204989546	-0.42661
204991282	0.722895
204991426	2.104151
204991761	0.36916
204991888	0.024939
204992542	0.926015
204992637	-0.799141
204993453	-1.49142
204993904	-0.569112
204994019	-0.612662
204995265	-1.114261
204996093	-1.758873
204997036	-0.319635
204997849	-0.388349
204998114	-0.365439
204999862	-0.749534
205000176	-0.304876
205001060	-1.279776
205001563	-1.439426
205002784	-0.239673
205003642	0.104006
205004122	-0.094746
205005654	-0.147106
205005821	-0.160042
205007037	0.939439
205007344	-0.033718
205008562	-0.199177
205008621	0.291818
205008854	5.585851
205008858	3.987377
205008880	3.986637
205009242	3.48042
205009247	4.980713
205009281	3.565937
205009691	2.298811
205010191	-0.692263
205010823	-0.13118
205011013	-0.425658
205011169	-0.051047
205012389	-0.319687
205012939	-0.799332
205014049	-0.878213
205015156	-1.758354
205016138	-0.53391
205016608	-0.1848
205016921	-1.085639
205018210	-0.896198
205020184	-0.533201
205021636	-0.676631
205022390	1.468386
205022652	0.352038
205022688	0.40535
205023538	-0.519514
205024671	6.617839
205024829	8.408787
205025069	6.504197
205025070	4.933555
205025093	5.371131
205025125	2.697426
205025147	6.326452
205025165	6.369362
205025258	2.296047
205025928	-1.09665
205026481	-0.556158
205027279	1.01232
205027648	-0.794769
205027654	0.161701
205028159	-1.222695
205028467	1.57953
205028627	1.71958
205028706	1.839733
205028707	1.823406
205029876	-1.072434
205030300	-0.716383
205031069	0.21902
205031301	-0.110394
205031396	-0.270903
205032057	-1.098328
205032128	-0.881279
205032904	-1.118493
205033407	-1.181585
205033799	-0.660709
205034126	-0.45564
205034246	-0.355087
205034722	-0.36674
205036413	-0.500192
205036596	-0.079155
205038382	-0.941232
205039086	-0.612796
205039136	-0.635121
205041492	-0.352306
205042991	0.390733
205043409	-0.345743
205043436	0.38092
205045326	0.437632
205048976	-1.013448
205050894	0.10945
205050903	0.081285
205051518	-1.13181
205052312	-0.951045
205053197	-0.622264
205054041	-0.697276
205054059	-0.275336
205057607	-0.342971
205057668	-0.312762
205057905	-0.576846
205059666	-0.875572
205061536	-0.996274
205062633	0.559351
205062901	0.683342
205063608	-1.171558
205065159	-1.599979
205066703	-0.799992
205067509	-1.038344
205070051	-0.348484
205070056	-0.515688
205072321	-0.431637
205072783	-1.175847
205074768	-0.799122
205075393	-0.844477
205075537	0.076737
205075937	-0.289507
205076102	-0.85832
205077128	-0.694722
205077515	1.016227
205077516	1.016227
205077537	0.329092
205077852	-0.66694
205078957	-2.055669
205080852	0.042018
205080949	-0.185158
205081082	-0.370341
205081247	-0.265022
205081598	-0.840763
205083218	-1.359986
205083929	-0.694688
205084439	-0.698633
205084768	-0.564302
205085487	0.243548
205085647	0.778802
205086122	0.999971
205086216	0.300704
205087517	-0.270953
205087612	1.253403
205087658	1.455616
205088095	-1.007421
205089987	-1.071314
205090019	-0.987966
205090645	-0.551961
205090819	-0.63772
205091301	-1.106609
205092319	-0.799371
205093296	0.697982
205093360	0.566133
205093597	0.400472
205094587	-0.835191
205094762	-0.837979
205096232	-0.479798
205096837	-0.406411
205096892	-0.488453
205097250	-0.769926
205098380	-0.719987
205099183	-1.279985
205099888	0.790705
205099948	0.842154
205100108	-0.645528
205100765	-1.199987
205101311	-0.87121
205102075	-0.959741
205104478	-0.877916
205104653	-0.299429
205104824	0.18826
205105311	0.756858
205105400	0.105306
205105619	-0.506621
205106093	-1.126375
205106623	-1.114262
205107330	-0.267614
205107516	-0.389607
205108461	-1.196624
205109176	0.352992
205109323	-0.461687
205109872	2.391523
205109938	2.477816
205110120	2.478436
205110133	-0.073757
205110646	-0.959163
205111279	-0.834946
205111556	-0.237407
205111927	0.063383
205112368	1.156021
205112394	1.041114
205112539	2.088917
205112603	2.117218
205112625	2.08439
205112831	1.650258
205112903	0.984535
205113003	0.115508
205113409	-0.471448
205113790	1.080937
205114593	-0.019888
205114740	-0.25351
205115327	2.067395
205115622	5.240481
205115659	3.494019
205115670	5.238156
205116002	3.108766
205116051	3.176843
205116752	2.688019
205116824	2.68802
205116912	2.765076
205117052	1.639998
205117106	2.416119
205117215	1.520739
205118045	-0.955402
205118871	0.119333
205119076	1.773632
205119136	1.402726
205119218	1.320094
205119404	2.519915
205119438	3.788794
205119640	2.28408
205119706	2.342272
205119737	2.950765
205119853	3.204584
205120035	2.630052
205120223	5.791797
205120569	0.503226
205120797	2.544544
205120954	2.909746
205121255	1.567543
205121408	2.109201
205121513	1.797647
205121585	2.182938
205121598	2.182938
205121831	2.209914
205121924	2.007472
205121977	3.368095
205122018	3.380837
205122032	3.165215
205122150	3.053099
205122211	-0.837849
205122248	0.860048
205123294	-0.559994
205123958	3.207074
205123998	3.367072
205124267	3.417278
205124700	4.009105
205124773	1.85661
205124890	0.272505
205125606	-0.474976
205125847	0.85292
205126687	2.15585
205126961	2.577595
205127053	4.238661
205127309	1.287088
205127478	0.679832
205127800	0.074093
205127988	0.049466
205128021	-0.211984
205128640	-0.132485
205128707	-0.101247
205129576	-0.090293
205130066	1.312971
205131349	-0.595137
205132016	-0.87999
205132626	0.462261
205132722	0.095884
205132819	1.876933
205132890	1.834554
205134612	-0.792887
205138183	-0.719992
205139342	-0.399993
205140805	-0.479995
205141836	0.242969
205142617	-0.032793
205142621	0.008513
205145640	-0.705991
205145765	-0.604472
205146468	-0.499425
205146909	1.315626
205147202	1.519019
205147331	1.435493
205147991	-1.119974
205148552	1.139288
205148655	1.567075
205148807	1.406065
205149114	-0.024845
205149366	4.497299
205149376	4.497299
205149402	4.176998
205149484	4.432371
205149485	4.59511
205149522	1.174678
205149690	4.446901
205150223	-0.221191
205150254	0.66072
205150450	-0.203509
205150740	2.591124
205151022	0.926402
205151228	0.769506
205151875	-2.87997
205153119	-0.83577
205154353	0.244304
205154468	1.871914
205154872	1.413532
205154962	-0.441794
205155007	0.425069
205155665	-0.290871
205155852	0.029403
205156060	-0.947104
205158133	0.875349
205158451	0.877435
205158681	0.391892
205159568	-1.276356
205160104	-1.279986
205161173	-0.624462
205161547	-0.708743
205162192	-1.199985
205163437	1.664312
205163502	1.242266
205163665	1.589662
205164727	0.485141
205164918	0.631355
205165355	-1.117522
205165928	0.910836
205166219	1.19219
205166405	1.676004
205166492	-0.608644
205167250	-0.743965
205167348	-0.701825
205168624	0.918901
205168680	2.072949
205168705	2.073294
205169149	0.880542
205169339	-0.817229
205169372	0.041233
205171329	-0.383736
205172413	-0.380147
205172592	-0.273222
205173386	-1.321898
205174327	-0.499086
205174590	-0.320863
205174867	-0.387894
205176589	0.063993
205176744	-0.031552
205176906	-0.183084
205177043	0.220865
205177044	0.401636
205177507	-0.293844
205177698	-0.267543
205180273	2.118732
205180496	1.965724
205180526	2.374393
205180681	2.111988
205181193	-0.718829
205183061	-1.515092
205184171	-1.235369
205186251	-0.221488
205186323	-0.301487
205186529	1.031826
205187037	-0.289359
205187041	1.290422
205188855	-0.356076
205189083	0.191165
205189419	-0.041578
205191975	0.960461
205191979	1.140371
205192151	0.663672
205192153	0.663534
205192185	2.201965
205194890	-0.683917
205195008	-0.947155
205195808	-1.039987
205196386	-0.104241
205196499	-0.796031
205196886	-0.692391
205197472	-0.959969
205198607	1.18347
205198614	1.025581
205198636	0.314412
205198890	-0.571942
205200009	0.428327
205200265	1.868724
205200331	1.791859
205200643	3.426023
205200924	-0.018463
205202230	0.811051
205202391	0.733965
205202463	0.432082
205203126	-0.878697
205204118	0.360655
205204354	2.1453
205204516	-0.778362
205204850	-4.060532
205206606	-0.283692
205206832	-0.193504
205209435	-0.057584
205209449	-0.064586
205209652	-0.259073
205209716	0.294771
205210284	-0.691011
205211525	-0.579883
205211555	-0.414971
205212318	-0.720718
205212629	-1.195083
205214624	-0.948773
205215109	-1.130293
205215979	-1.968039
205217640	0.225503
205220924	-0.657134
205221016	-0.194686
205221597	-0.153819
205221613	-0.153819
205222127	-0.879873
205222791	-1.838613
205223647	-1.037439
205225459	-0.639993
205225963	-0.437391
205227285	-0.556435
205227513	-0.473431
205227877	-0.447876
205228510	0.608751
205228669	-0.398172
205230974	0.807022
205231284	1.023918
205231938	-0.493071
205232597	-0.779351
205236818	-0.778534
205238310	-0.927094
205239917	-2.178247
205239919	-2.674563
205240006	-0.380047
205240915	-0.891605
205241126	-0.586592
205244699	-0.955575
205245469	-0.719833
205246008	-1.164284
205246071	-1.247947
205246581	1.460156
205246706	1.55747
205246929	2.296263
205247246	0.007707
205248365	-1.011061
205251554	-1.107484
205251823	-0.914602
205252982	0.062918
205253405	-0.149074
205253568	-0.542038
205253921	-0.673554
205254160	-0.412696
205254577	-0.256032
205255040	-0.871419
205255347	-0.972271
205255544	-0.415548
205255807	-0.384887
205256040	-0.265788
205257059	-1.266456
205257480	-1.538809
205258235	-1.039989
205258852	-0.799736
205260409	-0.875925
205261892	-1.480797
205263285	-1.456099
205264250	-1.516382
205265139	-1.358445
205265699	-1.3774
205266888	-1.220688
205267037	-1.015273
205269526	-0.018528
205269764	-0.122731
205270870	-0.580095
205270916	2.012513
205272475	-0.28288
205272950	-0.113154
205273897	-0.305076
205274728	-0.114652
205275190	1.64268
205277000	-0.716718
205277608	-0.802013
205280522	-0.559994
205283916	-0.799992
205284434	0.110561
205284862	-0.160736
205286837	-0.399262
205287435	-0.07939
205289601	1.980209
205289660	1.982445
205289743	1.96356
205290626	-0.304341
205290808	0.162234
205296374	-1.274132
205298711	-0.544404
205302185	-0.978935
205302187	-0.382449
205304088	-0.613635
205304522	-0.124608
205304863	-0.699835
205305894	0.316135
205306538	-0.180057
205306931	-1.345031
205307882	-1.493651
205309086	1.604009
205309211	1.161017
205316243	-0.602244
205316761	-0.261646
205317811	1.26109
205318079	3.51449
205318500	2.490258
205318602	0.159558
205320113	-1.332037
205320942	0.913956
205322618	-0.387297
205323632	-1.439646
205324259	-1.036114
205325707	-0.865693
205325760	-1.36671
205326168	2.475452
205328087	-1.116143
205330659	0.766196
205330670	0.77003
205336699	-0.221437
205344222	0.331195
205344681	0.69755
205345033	1.221221
205345284	1.430685
205345545	0.165367
205346084	-1.296042
205347196	1.515153
205347379	1.558983
205347507	1.557733
205348515	0.932988
205348555	2.058255
205348724	2.13642
205349040	2.462268
205349444	-0.064072
205350287	-0.073312
205350649	1.691284
205350809	0.370668
205351419	-0.639993
205353782	0.324528
205354279	0.829294
205355529	0.548865
205355677	0.231638
205358028	-0.55999
205359026	-0.627169
205359832	-0.79126
205360548	1.36388
205360687	2.126404
205360873	2.872601
205361356	1.483056
205361812	3.218977
205362160	3.636989
205362217	4.588426
205362349	3.194325
205362360	3.428995
205363596	-0.258458
205365299	-1.353971
205375913	0.888772
205385322	3.664932
205385338	3.570075
205385386	3.198529
205385454	3.036696
205386242	-0.811533
205387155	3.379645
205387220	3.322878
205387566	3.544157
205387567	3.544157
205388201	0.650482
205388424	1.289271
205388729	3.000539
205388946	1.096078
205389731	-1.359986
205390559	-1.2176
205391577	0.256634
205391934	-0.327366
205393889	-0.488062
205394826	0.463552
205395520	-0.476629
205397781	-0.71668
205399643	-0.942889
205400216	-0.366726
205400909	-0.587518
205401038	0.231029
205402370	-0.879991
205414823	-0.794925
205416821	-0.438272
205422942	-1.199967
205431251	-0.444225
205433434	-0.572065
205434906	-0.271163
205437577	-0.559897
205439620	-0.719821
205441717	-1.259572
205449892	-0.719992
205451450	0.347806
205461685	-1.598923
205463369	-1.51998
205465756	-0.794216
205467232	-0.634633
205471124	0.147777
205471355	-0.484028
205471376	1.094986
205472872	-0.879891
205473592	-0.808434
205473742	0.76538
205474502	-1.111043
205475012	-0.363307
205475415	-0.330654
205478454	-0.821368
205480065	-0.452964
205480867	-0.211697
205481119	1.974158
205481457	1.010635
205481958	-0.49094
205482232	1.349497
205482501	-0.017031
205483097	-0.959855
205484076	-0.405589
205484472	2.642781
205484772	-1.206478
205484798	0.101029
205486018	-1.355939
205486644	-0.639973
205487346	0.302733
205487689	0.151571
205489653	-0.712023
205492958	-1.093536
205494173	0.557086
205494935	-1.264441
205495538	-1.519976
205498509	1.229386
205498585	1.07817
205499484	-0.633857
205499566	0.351129
205499969	2.487298
205500465	1.943175
205500772	4.297713
205501237	1.718544
205501256	3.215148
205501337	-0.080396
205502517	-1.23733
205505271	0.695185
205505348	0.611591
205506727	-1.096788
205510867	1.195609
205511338	-0.580412
205514711	-0.399919
205515335	1.467264
205515436	5.286968
205515868	3.388741
205515883	3.862243
205516085	3.917409
205516507	0.251463
205516527	0.282642
205517967	0.159234
205518725	1.505754
205518805	1.505754
205520621	-0.773604
205522672	0.148225
205522890	2.050518
205525273	0.84059
205525629	0.599496
205526202	0.897695
205526647	3.837484
205526967	2.682491
205528990	-1.117937
205530404	-0.56573
205530817	0.677441
205535918	1.167446
205536304	3.203831
205536376	1.672041
205536648	1.603719
205537719	-0.456973
205539030	1.338734
205539214	1.399127
205542008	-0.241387
205556012	-0.633531
205558583	0.436078
205559076	0.275784
205559682	-1.195817
205560970	-0.543767
205561123	-0.388599
205570633	-0.834247
205570915	1.726091
205571221	-0.841117
205572112	0.796819
205572586	2.190585
205572718	2.621973
205572804	2.406671
205572811	1.439697
205572828	2.454283
205574004	-0.431902
205574353	1.541112
205574741	1.640107
205574898	1.249493
205575608	1.476058
205575802	1.316229
205577628	1.922257
205577779	3.464787
205578206	1.95985
205578534	0.923591
205578585	1.004193
205579867	-1.038538
205581824	-0.12935
205582148	-0.072422
205582195	-0.200175
205582870	-1.11957
205584917	-0.721318
205585270	0.817186
205586550	-1.037397
205587168	3.978228
205587170	3.972271
205587389	3.678827
205587422	4.662769
205588773	-0.82804
205589322	0.054331
205590133	-1.039871
205591175	-0.235467
205591731	0.08874
205591831	0.009242
205593602	0.216639
205593935	1.944306
205594037	1.95391
205594263	0.574921
205594645	1.296066
205596994	-0.085895
205597303	-0.847444
205598508	-2.100853
205598662	-0.506077
205598857	-0.317806
205599274	3.438159
205599750	0.047581
205600981	-0.47216
205603959	-0.478894
205605964	-0.385283
205606092	-0.971598
205606655	-0.790447
205607621	-0.705382
205608126	1.168634
205608382	-0.005357
205609515	-0.799966
205610194	-0.713788
205610866	-0.932224
205612846	0.10531
205613217	-0.458486
205614449	-0.242134
205617514	1.476949
205617521	1.57403
205617657	1.2258
205618711	-1.999947
205619609	-0.876494
205623056	1.726369
205623306	1.72637
205624129	-0.389408
205628220	-0.016298
205628284	-0.825181
205629912	-1.35972
205631263	-0.775066
205631567	0.854506
205635520	-0.798804
205636870	-0.639988
205639108	0.668084
205639375	-0.475215
205640829	-0.546489
205641405	-0.22745
205642616	-1.191744
205650673	-0.952418
205658016	-0.879991
205662854	-0.791589
205664736	-0.213801
205666607	1.405807
205666641	1.392473
205668052	-0.591849
205669934	-0.70373
205674586	-0.404946
205676542	0.57628
205677804	-0.44627
205678423	-0.347646
205680939	-0.918677
205683905	-0.931221
205685674	-1.232765
205688394	-0.668481
205688426	0.989368
205694761	-0.559323
205697101	0.907724
205697212	-0.834118
205700834	0.015299
205701987	-0.783555
205721202	-0.556239
205724979	1.113983
205727222	-0.220927
205727800	0.359404
205728234	0.907368
205729017	-0.465278
205731504	-0.855578
205733292	1.219337
205733679	1.41504
205733879	1.066316
205738005	-0.638723
