2	204500000	136	-1.96529
2	204510000	119	-1.91561
2	204520000	140	-2.09824
2	204530000	137	-2.17594
2	204540000	145	-2.30648
2	204550000	155	-2.28189
2	204560000	155	-2.26133
2	204570000	172	-1.29453
2	204580000	160	-1.64546
2	204590000	140	-1.49099
2	204600000	180	-1.63196
2	204610000	129	-1.37561
2	204620000	180	-1.70526
2	204630000	179	-1.45419
2	204640000	155	-1.32734
2	204650000	139	-2.07995
2	204660000	156	-2.06456
2	204670000	146	-2.06502
2	204680000	135	-2.1212
2	204690000	140	-0.2494
2	204700000	168	-0.942809
2	204710000	130	-1.87805
2	204720000	135	-1.62748
2	204730000	151	-1.63385
2	204740000	141	-1.16121
2	204750000	156	-1.40707
2	204760000	150	-0.639611
2	204770000	120	-0.822757
2	204780000	118	-0.678658
2	204790000	144	-1.03483
2	204800000	129	-1.64352
2	204810000	153	-1.60398
2	204820000	139	-1.51279
2	204830000	168	0.0636144
2	204840000	168	-1.55435
2	204850000	130	-2.07638
2	204860000	143	-1.72992
2	204870000	186	-1.89142
2	204880000	160	-1.84143
2	204890000	146	-1.94433
2	204900000	154	-2.038
2	204910000	162	-2.13108
2	204920000	177	-1.75351
2	204930000	176	-1.4411
2	204940000	161	-0.423533
2	204950000	171	-1.21085
2	204960000	152	-0.101891
2	204970000	162	-1.73644
2	204980000	170	-1.90304
2	204990000	151	-1.54192
2	205000000	186	-1.61332
