2	203739000	9	-0.636362
2	203740000	20	0.01093
2	203741000	11	-0.38133
2	203742000	15	-1.72216
2	203743000	7	-0.811584
2	203744000	12	-0.700337
2	203745000	15	-1.36257
2	203746000	12	-1.45512
2	203747000	22	-1.77334
2	203748000	12	-0.865677
2	203749000	15	-1.44349
2	203750000	17	-1.06969
2	203751000	12	-0.412713
2	203752000	6	-1.20157
2	203753000	24	-1.61896
2	203754000	16	-1.19209
2	203755000	10	-0.998307
2	203756000	14	-1.56617
2	203757000	8	-1.16519
2	203758000	14	-0.992323
2	203759000	17	-1.96229
2	203760000	8	-1.53053
2	203761000	13	-1.07828
2	203762000	5	-0.93195
2	203763000	12	-0.833128
2	203764000	13	-1.51602
2	203765000	8	0.48415
2	203766000	15	-0.870729
2	203767000	18	-1.97655
2	203768000	11	-1.20771
2	203769000	11	-1.06952
2	203770000	11	-1.01846
2	203771000	19	-1.05544
2	203772000	19	-1.62543
2	203773000	16	-1.35858
2	203774000	17	-1.4618
2	203775000	17	-1.15425
2	203776000	11	-1.67834
2	203777000	1	-0.670285
2	203778000	2	-0.928374
2	203779000	2	-0.915503
2	203780000	13	-1.21235
2	203781000	9	-1.07567
2	203782000	2	-0.929546
2	203783000	10	-0.798412
2	203784000	12	-1.07911
2	203785000	15	-1.90438
2	203786000	18	-1.32938
2	203787000	13	-1.17366
2	203788000	15	-1.63604
2	203789000	12	-1.43717
2	203790000	19	-1.79079
2	203791000	19	-1.56011
2	203792000	15	-1.22557
2	203793000	12	-0.421099
2	203794000	15	-1.36597
2	203795000	19	-1.0259
2	203796000	18	-1.70088
2	203797000	17	-1.90403
2	203798000	12	-1.14803
2	203799000	11	-1.45499
2	203800000	9	-1.62177
2	203801000	11	-1.42095
2	203802000	11	-1.76138
2	203803000	16	-1.43775
2	203804000	10	-1.31113
2	203805000	18	-0.927197
2	203806000	17	-1.29313
2	203807000	9	-1.65169
2	203808000	11	-0.99831
2	203809000	20	-2.03597
2	203810000	9	-1.63328
2	203811000	18	-1.16322
2	203812000	21	-1.70833
2	203813000	9	-1.6545
2	203814000	7	0.41047
2	203815000	13	-1.32072
2	203816000	14	-1.58361
2	203817000	11	-1.73974
2	203818000	9	-1.07448
2	203819000	10	-1.07271
2	203820000	16	-1.26617
2	203821000	17	-1.72269
2	203822000	14	-1.59207
2	203823000	12	-0.115386
2	203824000	9	-1.61524
2	203825000	15	-1.56157
2	203826000	9	-1.24175
2	203827000	12	-0.310176
2	203828000	10	-0.933103
2	203829000	13	-1.02434
2	203830000	20	-1.45274
2	203831000	18	-1.06899
2	203832000	14	-1.3727
2	203833000	15	-1.35159
2	203834000	9	-1.45673
2	203835000	9	-1.22654
2	203836000	7	-1.05093
2	203837000	16	-1.65146
2	203838000	10	-1.29379
2	203839000	21	-1.57911
2	203840000	16	-1.16668
2	203841000	10	-1.62867
2	203842000	14	-1.59742
2	203843000	21	-1.5987
2	203844000	12	-1.4415
2	203845000	15	-1.23397
2	203846000	8	-1.1653
2	203847000	19	-1.33592
2	203848000	7	-0.0265055
2	203849000	3	-1.09675
2	203850000	10	-0.95401
2	203851000	6	-0.731032
2	203852000	14	-1.5682
2	203853000	7	-1.51227
2	203854000	15	-1.82381
2	203855000	19	-1.80062
2	203856000	13	-1.11124
2	203857000	3	-1.03517
2	203858000	8	-1.59328
2	203859000	15	-0.94221
2	203860000	7	-1.08513
2	203861000	14	-0.716176
2	203862000	9	-0.672737
2	203863000	14	-1.11263
2	203864000	13	-1.77964
2	203865000	10	-1.2788
2	203866000	11	-1.05934
2	203867000	7	-0.622666
2	203868000	12	-0.760489
2	203869000	11	-0.0844341
2	203870000	7	-1.09484
2	203871000	15	-1.86933
2	203872000	19	-1.64017
2	203873000	8	0.760366
2	203874000	12	-0.998113
2	203875000	17	-1.95998
2	203876000	11	-0.968136
2	203877000	11	-1.41581
2	203878000	15	-1.79348
2	203879000	12	-1.62812
2	203880000	13	-1.21833
2	203881000	8	-1.59428
2	203882000	13	-0.382647
2	203883000	17	-0.6104
2	203884000	8	0.0286507
2	203885000	10	-1.71153
2	203886000	6	-1.42276
2	203887000	9	-1.51
2	203888000	17	-1.23883
2	203889000	15	-1.18738
2	203890000	18	-1.96719
2	203891000	10	-1.71542
2	203892000	15	-1.51081
2	203893000	12	-1.48341
2	203894000	13	-1.29169
2	203895000	10	-1.69468
2	203896000	18	-1.96108
2	203897000	6	-0.842193
2	203898000	11	-1.68213
2	203899000	18	-1.91554
2	203900000	10	-1.69944
2	203901000	12	-1.76061
2	203902000	9	-1.62897
2	203903000	4	-1.21661
2	203904000	9	-1.65914
2	203905000	13	-0.980494
2	203906000	11	-1.73082
2	203907000	10	-1.70679
2	203908000	13	-1.74802
2	203909000	9	-0.807584
2	203910000	6	-1.3963
2	203911000	15	-1.68162
2	203912000	12	-1.78449
2	203913000	14	-0.497725
2	203914000	18	-1.89383
2	203915000	8	-1.48656
2	203916000	14	-0.876808
2	203917000	9	-1.66147
2	203918000	17	-1.54594
2	203919000	17	-1.93116
2	203920000	14	-1.38726
2	203921000	15	-1.1618
2	203922000	18	-1.80996
2	203923000	11	-1.0118
2	203924000	16	-1.92457
2	203925000	10	-1.29565
2	203926000	12	-1.48332
2	203927000	7	-0.029098
2	203928000	22	-1.89066
2	203929000	13	-1.55746
2	203930000	13	-1.69658
2	203931000	11	-0.661818
2	203932000	13	-1.42736
2	203933000	9	-1.23692
2	203934000	13	-1.83789
2	203935000	10	-1.29183
2	203936000	6	-1.43971
2	203937000	9	-0.565455
2	203938000	9	-1.66007
2	203939000	11	-0.825292
2	203940000	11	-1.74132
2	203941000	12	-0.849688
2	203942000	9	-1.6077
2	203943000	12	-0.923244
2	203944000	13	-1.16333
2	203945000	7	-1.5062
2	203946000	9	-1.66054
2	203947000	14	-1.88817
2	203948000	8	-1.58673
2	203949000	13	-1.1557
2	203950000	12	-1.69144
2	203951000	10	-0.889438
2	203952000	16	-1.56064
2	203953000	13	-1.7294
2	203954000	14	-1.87899
2	203955000	12	-1.062
2	203956000	17	-1.86211
2	203957000	7	-1.51993
2	203958000	6	-1.44091
2	203959000	14	-1.25927
2	203960000	17	-1.48117
2	203961000	11	-1.75012
2	203962000	14	-0.127635
2	203963000	8	-1.56967
2	203964000	20	-1.58557
2	203965000	11	-1.6061
2	203966000	14	-1.82636
2	203967000	17	-1.51934
2	203968000	16	-1.63381
2	203969000	15	-1.52535
2	203970000	13	-1.11426
2	203971000	10	-1.06969
2	203972000	8	-1.59379
2	203973000	13	-1.74954
2	203974000	11	-1.76381
2	203975000	9	0.307411
2	203976000	11	-1.75734
2	203977000	8	-1.52936
2	203978000	13	-1.62559
2	203979000	13	-1.11347
2	203980000	16	-1.28592
2	203981000	11	-1.47668
2	203982000	15	-1.84221
2	203983000	14	-1.45139
2	203984000	8	-1.16291
2	203985000	14	-1.85581
2	203986000	8	-1.56326
2	203987000	6	0.255807
2	203988000	14	-1.78306
2	203989000	15	-1.64496
2	203990000	8	-0.244696
2	203991000	14	-0.685151
2	203992000	14	-1.74878
2	203993000	11	-1.2768
2	203994000	6	-0.31692
2	203995000	11	-1.38479
2	203996000	18	-1.44918
2	203997000	10	-1.70765
2	203998000	10	-0.829678
2	203999000	13	-1.84361
2	204000000	12	-1.77837
2	204001000	19	-1.87242
2	204002000	12	-1.68989
2	204003000	7	-1.47104
2	204004000	3	-0.904392
2	204005000	12	-0.873979
2	204006000	9	-0.646764
2	204007000	13	-1.70926
2	204008000	7	-0.715326
2	204009000	14	-1.58664
2	204010000	7	-1.52984
2	204011000	13	-1.85221
2	204012000	8	-0.661398
2	204013000	15	-1.81319
2	204014000	4	-0.994695
2	204015000	18	-1.75995
2	204016000	10	-1.70374
2	204017000	11	-1.25603
2	204018000	20	-1.94985
2	204019000	14	-1.32755
2	204020000	21	-1.68805
2	204021000	16	-1.84617
2	204022000	10	-1.58247
2	204023000	7	-1.52874
2	204024000	12	-1.7814
2	204025000	18	-1.25925
2	204026000	3	-0.964757
2	204027000	10	-1.21839
2	204028000	5	0.762968
2	204029000	15	-0.841017
2	204030000	8	-1.5015
2	204031000	16	-1.46786
2	204032000	8	-1.44889
2	204033000	17	-1.82167
2	204034000	7	-0.536851
2	204035000	14	-1.7817
2	204036000	14	-0.771934
2	204037000	18	-1.37365
2	204038000	9	-1.52182
2	204039000	10	-1.53549
2	204040000	7	-0.0615464
2	204041000	8	-0.558957
2	204042000	11	0.294166
2	204043000	9	-0.958781
2	204044000	11	0.00800635
2	204045000	9	-1.52177
2	204046000	11	-0.812245
2	204047000	10	-1.45485
2	204048000	13	-1.42084
2	204049000	3	0.598263
2	204050000	10	-1.34961
2	204051000	17	-1.10252
2	204052000	9	-0.653144
2	204053000	8	-0.6608
2	204054000	12	-0.0999351
2	204055000	3	-1.10604
2	204056000	9	-0.869398
2	204057000	14	-1.16789
2	204058000	9	-1.56776
2	204059000	14	-1.70054
2	204060000	16	-0.905234
2	204061000	9	-1.63423
2	204062000	16	-0.427067
2	204063000	13	-0.793821
2	204064000	10	-1.22033
2	204065000	14	-1.83212
2	204066000	12	-1.66112
2	204067000	9	-1.4972
2	204068000	13	-1.62413
2	204069000	8	-1.42244
2	204070000	6	-0.752331
2	204071000	2	-0.568175
2	204072000	4	-0.909557
2	204073000	11	-1.5888
2	204074000	4	-1.17035
2	204075000	8	-1.38821
2	204076000	7	-1.35256
2	204077000	11	-1.76624
2	204078000	12	-1.7969
2	204079000	18	-1.37493
2	204080000	8	-1.58525
2	204081000	12	-1.37212
2	204082000	8	-1.59832
2	204083000	11	-1.63658
2	204084000	16	-1.83648
2	204085000	15	-1.31935
2	204086000	14	-1.24847
2	204087000	14	-1.58671
2	204088000	13	-1.16721
2	204089000	12	-1.76847
2	204090000	21	-1.96088
2	204091000	20	-1.28032
2	204092000	15	-1.76552
2	204093000	11	-0.243281
2	204094000	9	0.0150604
2	204095000	21	-1.93728
2	204096000	17	-1.89332
2	204097000	7	-1.35752
2	204098000	10	-1.54837
2	204099000	14	-1.25605
2	204100000	13	-1.8311
2	204101000	10	-0.772487
2	204102000	19	-2.01855
2	204103000	11	-1.75369
2	204104000	15	-1.82336
2	204105000	13	-0.915277
2	204106000	19	-1.41105
2	204107000	12	-1.07221
2	204108000	17	-1.4571
2	204109000	8	-0.654112
2	204110000	9	-0.763264
2	204111000	9	-0.964685
2	204112000	16	-1.8599
2	204113000	16	-1.79701
2	204114000	19	-1.73086
2	204115000	10	-0.119644
2	204116000	12	-0.796781
2	204117000	15	-1.19995
2	204118000	24	-1.14125
2	204119000	11	-1.76259
2	204120000	16	-0.648483
2	204121000	14	-1.19098
2	204122000	12	-1.79461
2	204123000	11	-1.31722
2	204124000	11	-1.60041
2	204125000	17	-0.715158
2	204126000	9	-1.51956
2	204127000	8	-1.12676
2	204128000	6	-1.25599
2	204129000	14	-0.514103
2	204130000	17	-1.42965
2	204131000	10	-1.64257
2	204132000	6	-1.44883
2	204133000	19	-1.46433
2	204134000	12	-0.858972
2	204135000	9	-0.239063
2	204136000	7	-0.500364
2	204137000	10	-1.66676
2	204138000	9	-0.967856
2	204139000	9	-1.63281
2	204140000	16	-1.92278
2	204141000	13	-1.5149
2	204142000	16	-1.21218
2	204143000	22	-1.64967
2	204144000	14	-1.3763
2	204145000	13	-1.85041
2	204146000	15	-1.65685
2	204147000	18	-1.28761
2	204148000	13	-1.24882
2	204149000	4	-1.2174
2	204150000	10	-1.56402
2	204151000	10	-1.17735
2	204152000	9	1.06994
2	204153000	15	-1.48616
2	204154000	13	-0.322233
2	204155000	12	-1.66314
2	204156000	13	-1.52231
2	204157000	8	-1.38518
2	204158000	16	-1.57613
2	204159000	5	0.302035
2	204160000	18	-1.8412
2	204161000	14	-1.8773
2	204162000	14	-1.80805
2	204163000	6	-0.291036
2	204164000	21	-2.07125
2	204165000	12	-0.971215
2	204166000	7	-1.33259
2	204167000	13	-1.139
2	204168000	15	-1.87976
2	204169000	13	-0.819326
2	204170000	16	-1.61517
2	204171000	11	-1.5793
2	204172000	12	-1.68996
2	204173000	13	-1.74164
2	204174000	16	-1.0093
2	204175000	14	-1.84465
2	204176000	17	-1.32978
2	204177000	13	-1.44955
2	204178000	6	-1.3581
2	204179000	14	-1.86214
2	204180000	12	-0.344238
2	204181000	9	-0.614182
2	204182000	9	-1.66194
2	204183000	14	-1.48161
2	204184000	10	-1.36283
2	204185000	10	-1.18097
2	204186000	9	-1.18809
2	204187000	6	-0.568797
2	204188000	9	-0.779978
2	204189000	21	-1.40507
2	204190000	19	-1.58847
2	204191000	5	-0.768335
2	204192000	17	-1.6454
2	204193000	6	-0.770332
2	204194000	11	-0.903361
2	204195000	10	-1.28258
2	204196000	7	-1.08016
2	204197000	13	-1.83609
2	204198000	11	-0.657478
2	204199000	16	-1.37966
2	204200000	15	-1.59744
2	204201000	17	-0.992634
2	204202000	18	-1.7176
2	204203000	7	-1.21276
2	204204000	14	-1.85915
2	204205000	15	-1.88333
2	204206000	11	-1.75531
2	204207000	12	-1.77705
2	204208000	23	-1.587
2	204209000	18	-1.96083
2	204210000	20	-2.01548
2	204211000	28	-1.77079
2	204212000	25	-1.59496
2	204213000	11	-1.52442
2	204214000	16	-1.76539
2	204215000	13	-0.688522
2	204216000	18	-1.89037
2	204217000	13	-1.51537
2	204218000	22	-1.57235
2	204219000	16	-1.47907
2	204220000	18	-1.90455
2	204221000	32	-1.52972
2	204222000	14	-1.88274
2	204223000	9	-1.62807
2	204224000	10	-1.7085
2	204225000	20	-2.05576
2	204226000	13	-0.767933
2	204227000	8	-1.58522
2	204228000	18	-1.96147
2	204229000	27	-1.98501
2	204230000	11	-1.64561
2	204231000	6	-1.44761
2	204232000	10	-0.898894
2	204233000	15	-1.87794
2	204234000	10	-1.62744
2	204235000	25	-1.91586
2	204236000	7	-1.28694
2	204237000	0	nan
2	204238000	13	-0.972286
2	204239000	8	-1.59277
2	204240000	17	-1.79967
2	204241000	13	-1.14197
2	204242000	20	-0.903043
2	204243000	21	-1.61497
2	204244000	16	-1.61781
2	204245000	13	-1.44378
2	204246000	10	-1.65532
2	204247000	12	-1.77732
2	204248000	9	-1.63001
2	204249000	8	-0.103163
2	204250000	17	-1.95949
2	204251000	7	-0.745677
2	204252000	12	-1.41089
2	204253000	14	-1.87293
2	204254000	7	-1.49532
2	204255000	13	-1.84826
2	204256000	6	-1.40234
2	204257000	15	-1.29334
2	204258000	10	-1.32205
2	204259000	10	-1.352
2	204260000	8	-1.5618
2	204261000	14	-1.47538
2	204262000	12	-1.12043
2	204263000	17	-1.86689
2	204264000	14	-1.82442
2	204265000	7	-0.347179
2	204266000	13	-0.908522
2	204267000	18	-1.91788
2	204268000	12	-0.683214
2	204269000	23	-1.71396
2	204270000	9	-1.15455
2	204271000	9	-0.474399
2	204272000	14	-1.08723
2	204273000	3	-0.420288
2	204274000	16	-1.94291
2	204275000	9	-1.47843
2	204276000	10	-0.878921
2	204277000	16	-0.848464
2	204278000	13	-0.122049
2	204279000	12	-1.3744
2	204280000	12	-0.459673
2	204281000	22	-1.73793
2	204282000	17	-1.96344
2	204283000	11	-1.76462
2	204284000	4	-1.18336
2	204285000	16	-1.47952
2	204286000	23	-1.82509
2	204287000	16	-1.7886
2	204288000	22	-2.01966
2	204289000	18	-1.96072
2	204290000	10	-0.835188
2	204291000	12	-1.79427
2	204292000	20	-1.5201
2	204293000	20	-2.05188
2	204294000	10	-0.928066
2	204295000	17	-1.94839
2	204296000	16	-1.91881
2	204297000	25	-1.92704
2	204298000	21	-1.7305
2	204299000	20	-1.86238
2	204300000	11	-1.63596
2	204301000	13	-0.503851
2	204302000	21	-1.97524
2	204303000	14	-1.84194
2	204304000	20	-1.84987
2	204305000	5	-0.081459
2	204306000	16	-0.727814
2	204307000	21	-1.89224
2	204308000	12	-1.64176
2	204309000	14	-1.11408
2	204310000	12	-1.76931
2	204311000	9	-1.62588
2	204312000	4	-1.22203
2	204313000	11	-1.623
2	204314000	7	-1.52599
2	204315000	8	0.284161
2	204316000	13	-1.0598
2	204317000	12	-1.08947
2	204318000	8	-1.60185
2	204319000	8	-0.653294
2	204320000	6	-1.42876
2	204321000	11	-1.38708
2	204322000	17	-0.784436
2	204323000	19	-1.94078
2	204324000	14	-1.46196
2	204325000	13	-1.72476
2	204326000	6	-0.310384
2	204327000	14	-0.271672
2	204328000	17	-1.41742
2	204329000	19	-1.85534
2	204330000	10	-1.51078
2	204331000	17	-1.88867
2	204332000	9	-1.45538
2	204333000	12	-1.81016
2	204334000	11	-1.76664
2	204335000	15	-1.74843
2	204336000	8	-1.39467
2	204337000	13	-1.81225
2	204338000	17	-1.88837
2	204339000	10	-1.66675
2	204340000	8	-1.59781
2	204341000	6	-1.45005
2	204342000	13	-1.7591
2	204343000	17	-1.9699
2	204344000	14	-1.75383
2	204345000	12	-1.79914
2	204346000	9	-0.581673
2	204347000	15	-1.70042
2	204348000	14	-1.78224
2	204349000	20	-1.90108
2	204350000	18	-1.81289
2	204351000	13	-1.78969
2	204352000	12	-1.69707
2	204353000	16	-0.262273
2	204354000	8	-1.44179
2	204355000	13	-0.429839
2	204356000	10	-1.30594
2	204357000	9	-1.51139
2	204358000	9	-1.64571
2	204359000	4	-0.56996
2	204360000	14	-1.23956
2	204361000	18	-1.46383
2	204362000	4	-1.1965
2	204363000	17	-1.80055
2	204364000	18	-1.0957
2	204365000	19	-2.01827
2	204366000	19	-0.604282
2	204367000	4	-0.804574
2	204368000	14	-1.83468
2	204369000	24	-1.58707
2	204370000	20	-1.56939
2	204371000	8	-1.01878
2	204372000	15	-0.961945
2	204373000	10	-1.66843
2	204374000	11	-1.02909
2	204375000	12	-1.56594
2	204376000	19	-2.02955
2	204377000	11	-0.825988
2	204378000	5	-0.347695
2	204379000	13	-1.66821
2	204380000	12	-1.69047
2	204381000	12	-1.5214
2	204382000	7	-1.42002
2	204383000	17	-1.86643
2	204384000	9	-1.27186
2	204385000	15	-1.74136
2	204386000	9	-1.46809
2	204387000	19	-1.44105
2	204388000	12	-1.551
2	204389000	15	-1.77396
2	204390000	11	-1.45024
2	204391000	10	-1.57261
2	204392000	9	-1.65217
2	204393000	8	-1.37123
2	204394000	13	-1.19477
2	204395000	13	-1.81466
2	204396000	23	-2.09088
2	204397000	13	-1.83257
2	204398000	13	-1.85005
2	204399000	3	-0.833025
2	204400000	10	-1.61512
2	204401000	8	-1.24556
2	204402000	18	-1.75389
2	204403000	22	-1.76911
2	204404000	16	-1.91078
2	204405000	13	-1.53597
2	204406000	11	-0.886522
2	204407000	13	-1.83607
2	204408000	22	-1.95866
2	204409000	17	-1.43377
2	204410000	14	-0.764053
2	204411000	13	-1.71852
2	204412000	13	-1.71644
2	204413000	8	-0.995215
2	204414000	8	-1.59933
2	204415000	19	-1.78275
2	204416000	14	-1.63408
2	204417000	13	-1.76374
2	204418000	12	-1.6818
2	204419000	12	-1.78778
2	204420000	11	-1.66679
2	204421000	19	-1.01319
2	204422000	14	-1.72842
2	204423000	11	-1.07884
2	204424000	13	-0.643775
2	204425000	13	-1.28333
2	204426000	13	-0.0688914
2	204427000	18	-1.29788
2	204428000	14	-1.28086
2	204429000	13	-0.762954
2	204430000	9	-0.92883
2	204431000	12	-1.69565
2	204432000	14	-1.35144
2	204433000	10	-0.925407
2	204434000	19	-1.61322
2	204435000	18	-0.82748
2	204436000	16	-0.424835
2	204437000	11	-1.6079
2	204438000	25	-1.10665
2	204439000	21	0.34552
2	204440000	21	-0.494754
2	204441000	17	-0.111712
2	204442000	17	0.372781
2	204443000	13	-1.28905
2	204444000	16	-1.20628
2	204445000	20	-1.33082
2	204446000	15	-1.31137
2	204447000	17	-1.50427
2	204448000	16	-0.451442
2	204449000	14	0.00788997
2	204450000	17	-0.81687
2	204451000	15	-0.357272
2	204452000	16	-0.255822
2	204453000	18	-1.34367
2	204454000	16	-0.611435
2	204455000	24	-0.839896
2	204456000	26	-1.87026
2	204457000	18	-0.225461
2	204458000	15	-0.979752
2	204459000	11	1.12294
2	204460000	12	-0.0118035
2	204461000	15	-0.298664
2	204462000	19	-1.81049
2	204463000	18	-0.992356
2	204464000	18	-0.955197
2	204465000	18	0.40539
2	204466000	7	0.263588
2	204467000	8	-1.60134
2	204468000	14	-0.123888
2	204469000	19	-0.474732
2	204470000	13	0.512324
2	204471000	18	0.347996
2	204472000	12	-1.73991
2	204473000	30	-1.14925
2	204474000	24	-1.97474
2	204475000	21	-1.70029
2	204476000	10	-0.0586665
2	204477000	11	-1.15519
2	204478000	12	-1.71911
2	204479000	18	-1.40413
2	204480000	10	-0.416001
2	204481000	18	-1.98934
2	204482000	20	-0.69702
2	204483000	5	-1.35221
2	204484000	12	-1.11505
2	204485000	11	-1.70948
2	204486000	23	-2.10305
2	204487000	9	-1.46968
2	204488000	24	-1.85945
2	204489000	21	-1.90612
2	204490000	11	-1.75086
2	204491000	11	-1.76462
2	204492000	14	-1.19112
2	204493000	11	-0.904224
2	204494000	11	-0.971222
2	204495000	20	-1.94317
2	204496000	16	-1.80912
2	204497000	16	-1.18257
2	204498000	14	-1.25078
2	204499000	11	-1.75572
2	204500000	12	-1.04694
2	204501000	4	0.322659
2	204502000	15	-1.88451
2	204503000	14	-1.87219
2	204504000	14	-1.84368
2	204505000	13	-1.80818
2	204506000	29	-2.13824
2	204507000	10	0.0629267
2	204508000	17	-1.81252
2	204509000	14	-0.641062
2	204510000	10	-1.65347
2	204511000	15	-1.27245
2	204512000	12	-0.767629
2	204513000	10	-0.742809
2	204514000	7	-1.52985
2	204515000	14	-1.76657
2	204516000	15	-1.64254
2	204517000	12	-0.909343
2	204518000	11	-1.2977
2	204519000	15	-1.83288
2	204520000	11	-1.53694
2	204521000	18	-1.76011
2	204522000	16	-1.50775
2	204523000	8	-1.57424
2	204524000	13	-1.6917
2	204525000	14	-1.09238
2	204526000	10	-1.22888
2	204527000	13	-1.68347
2	204528000	19	-1.76251
2	204529000	21	-1.46203
2	204530000	18	-0.900956
2	204531000	10	-1.57689
2	204532000	14	-1.8389
2	204533000	16	-1.88885
2	204534000	13	-1.76078
2	204535000	15	-1.79221
2	204536000	19	-1.6053
2	204537000	12	-1.60183
2	204538000	10	-1.39032
2	204539000	12	-1.54804
2	204540000	18	-1.99356
2	204541000	13	-1.8129
2	204542000	9	-1.55727
2	204543000	16	-1.88103
2	204544000	11	-1.45855
2	204545000	19	-1.36162
2	204546000	17	-1.65022
2	204547000	14	-1.86648
2	204548000	15	-1.60307
2	204549000	15	-1.7499
2	204550000	15	-1.85228
2	204551000	22	-1.80342
2	204552000	23	-2.01968
2	204553000	11	-1.20595
2	204554000	11	-1.7353
2	204555000	22	-1.76365
2	204556000	12	-1.51318
2	204557000	12	-1.74478
2	204558000	13	-1.48227
2	204559000	17	-1.66807
2	204560000	15	-1.73188
2	204561000	21	-1.87141
2	204562000	19	-1.99615
2	204563000	19	-1.03008
2	204564000	12	-1.72538
2	204565000	14	-1.73436
2	204566000	9	-1.56191
2	204567000	22	-1.97432
2	204568000	15	-1.85934
2	204569000	10	-1.10675
2	204570000	16	1.27699
2	204571000	12	-1.09673
2	204572000	18	-0.108017
2	204573000	21	-1.16775
2	204574000	13	-1.44483
2	204575000	14	-1.57778
2	204576000	18	-1.66433
2	204577000	27	-1.27806
2	204578000	12	-1.47072
2	204579000	21	-1.24956
2	204580000	18	-1.84297
2	204581000	20	-1.74493
2	204582000	12	-1.27695
2	204583000	17	-1.10153
2	204584000	19	-1.53223
2	204585000	14	-1.38441
2	204586000	16	-0.736428
2	204587000	23	-1.731
2	204588000	16	-0.676102
2	204589000	8	0.594974
2	204590000	19	-0.240633
2	204591000	11	-1.20823
2	204592000	10	0.354091
2	204593000	12	-1.15696
2	204594000	20	-1.59259
2	204595000	18	-0.874346
2	204596000	19	-1.68685
2	204597000	13	-1.06993
2	204598000	10	-1.71802
2	204599000	10	-1.71845
2	204600000	13	-1.29317
2	204601000	22	-2.00367
2	204602000	24	-1.52631
2	204603000	18	-1.9091
2	204604000	15	-1.21448
2	204605000	15	0.274082
2	204606000	22	-1.08002
2	204607000	21	-1.93505
2	204608000	19	-1.29281
2	204609000	16	-0.212294
2	204610000	16	-0.969261
2	204611000	17	-0.786256
2	204612000	9	-0.796808
2	204613000	13	-1.299
2	204614000	14	-0.904784
2	204615000	16	-0.553239
2	204616000	14	-1.29064
2	204617000	13	-1.75916
2	204618000	10	-0.829234
2	204619000	13	-1.15797
2	204620000	18	-0.946812
2	204621000	10	-1.0455
2	204622000	15	-1.30097
2	204623000	23	-1.30374
2	204624000	17	-1.4439
2	204625000	16	-1.83956
2	204626000	24	-1.94951
2	204627000	20	-0.874644
2	204628000	16	-0.924501
2	204629000	24	-1.34981
2	204630000	21	-1.93638
2	204631000	15	-0.949383
2	204632000	21	-0.538182
2	204633000	15	1.00314
2	204634000	21	-0.563497
2	204635000	15	-1.31017
2	204636000	11	-0.66806
2	204637000	18	-1.72115
2	204638000	23	-2.01363
2	204639000	20	-1.82663
2	204640000	12	-1.80978
2	204641000	11	-1.20161
2	204642000	18	-0.475489
2	204643000	17	0.363394
2	204644000	17	-1.43677
2	204645000	14	-1.83894
2	204646000	9	-0.593699
2	204647000	21	-1.07628
2	204648000	21	-1.36544
2	204649000	16	-0.599856
2	204650000	8	-0.550785
2	204651000	13	-1.8059
2	204652000	15	-1.49931
2	204653000	10	-0.956021
2	204654000	14	-1.53676
2	204655000	15	-1.79285
2	204656000	17	-1.61213
2	204657000	15	-1.85744
2	204658000	16	-1.83842
2	204659000	19	-1.35292
2	204660000	13	-1.63813
2	204661000	17	-0.0984372
2	204662000	18	-1.57295
2	204663000	17	-1.9749
2	204664000	17	-1.82753
2	204665000	15	-1.57277
2	204666000	9	-1.60045
2	204667000	15	-1.37421
2	204668000	19	-1.85436
2	204669000	19	-1.94255
2	204670000	14	-1.52011
2	204671000	17	-1.83515
2	204672000	12	-0.873374
2	204673000	17	-1.50657
2	204674000	8	-1.44126
2	204675000	14	-1.73613
2	204676000	17	-1.14926
2	204677000	21	-2.03957
2	204678000	14	-1.54355
2	204679000	15	-1.3982
2	204680000	18	-1.95002
2	204681000	16	-1.93352
2	204682000	13	-1.15699
2	204683000	14	-1.22285
2	204684000	14	-1.42785
2	204685000	13	-1.814
2	204686000	3	-0.082736
2	204687000	12	-1.05542
2	204688000	21	-1.94136
2	204689000	15	-1.74085
2	204690000	13	-0.873002
2	204691000	14	-1.11622
2	204692000	19	-0.919618
2	204693000	17	0.0210948
2	204694000	20	3.22613
2	204695000	16	-1.12734
2	204696000	12	-0.618015
2	204697000	10	-0.858504
2	204698000	8	-0.334536
2	204699000	11	-0.247425
2	204700000	22	-1.17843
2	204701000	24	-1.28956
2	204702000	25	-0.503977
2	204703000	7	-1.5304
2	204704000	17	-1.40338
2	204705000	23	-1.54136
2	204706000	16	-0.79656
2	204707000	11	1.29756
2	204708000	13	0.721235
2	204709000	12	-0.0261011
2	204710000	7	-0.539271
2	204711000	11	-1.61184
2	204712000	8	-0.0676701
2	204713000	13	-0.89096
2	204714000	22	-1.91042
2	204715000	14	-1.37256
2	204716000	16	-1.83545
2	204717000	8	-0.396319
2	204718000	15	-1.5433
2	204719000	18	-1.98381
2	204720000	17	-0.906933
2	204721000	8	0.27102
2	204722000	10	-0.117651
2	204723000	19	-0.896984
2	204724000	8	-1.57524
2	204725000	15	-1.86441
2	204726000	12	-1.75894
2	204727000	15	-1.77064
2	204728000	11	-1.66799
2	204729000	21	-1.16422
2	204730000	14	-0.476807
2	204731000	19	-0.670858
2	204732000	17	-1.11443
2	204733000	11	-1.37716
2	204734000	19	-1.55148
2	204735000	16	-1.8428
2	204736000	18	-1.90458
2	204737000	9	-1.61721
2	204738000	13	-0.796802
2	204739000	18	-0.944278
2	204740000	10	0.22183
2	204741000	16	-0.925079
2	204742000	16	-1.37149
2	204743000	19	-1.07064
2	204744000	15	-0.734804
2	204745000	17	0.108949
2	204746000	14	-1.01837
2	204747000	10	-1.71715
2	204748000	15	-1.78363
2	204749000	12	-0.286369
2	204750000	13	-1.82326
2	204751000	10	-0.967391
2	204752000	17	-1.62331
2	204753000	19	-1.04686
2	204754000	13	-0.114038
2	204755000	14	-0.926147
2	204756000	20	-1.54504
2	204757000	17	-1.59959
2	204758000	18	-0.668229
2	204759000	16	-0.0405496
2	204760000	13	-0.0425705
2	204761000	16	-1.94599
2	204762000	20	-0.735702
2	204763000	21	0.0153925
2	204764000	19	-0.599452
2	204765000	16	-0.211527
2	204766000	13	-1.41007
2	204767000	8	0.303695
2	204768000	8	-1.56769
2	204769000	18	0.940808
2	204770000	11	0.339597
2	204771000	13	-0.249307
2	204772000	12	-0.702746
2	204773000	15	-1.34702
2	204774000	12	-0.753393
2	204775000	12	-0.893483
2	204776000	11	-0.981731
2	204777000	15	-0.53649
2	204778000	8	-0.500968
2	204779000	12	-0.0782013
2	204780000	10	-0.889968
2	204781000	20	-0.634149
2	204782000	9	-0.868034
2	204783000	17	-0.949603
2	204784000	13	-1.17249
2	204785000	9	0.0956099
2	204786000	18	0.55929
2	204787000	9	-0.721731
2	204788000	8	0.999941
2	204789000	10	-1.71672
2	204790000	13	-0.76712
2	204791000	11	-0.212698
2	204792000	8	0.213066
2	204793000	11	0.416601
2	204794000	14	0.080546
2	204795000	14	-0.222464
2	204796000	20	-1.48941
2	204797000	14	-1.45686
2	204798000	13	-0.978657
2	204799000	29	-1.80359
2	204800000	12	-0.727667
2	204801000	13	-1.21597
2	204802000	19	-1.27688
2	204803000	16	-1.78886
2	204804000	15	-1.22727
2	204805000	19	-1.34714
2	204806000	10	-1.30558
2	204807000	12	-0.827373
2	204808000	8	-0.971737
2	204809000	8	-0.94816
2	204810000	14	-1.8426
2	204811000	13	-1.39392
2	204812000	15	-1.41846
2	204813000	20	-1.64086
2	204814000	11	-0.863509
2	204815000	22	-1.4198
2	204816000	16	-1.03254
2	204817000	13	-1.49661
2	204818000	19	-1.38018
2	204819000	13	0.816798
2	204820000	14	-1.54665
2	204821000	22	-1.35429
2	204822000	24	-1.24795
2	204823000	23	-1.51656
2	204824000	15	-1.14971
2	204825000	12	-0.0168066
2	204826000	14	-1.07563
2	204827000	6	-1.44883
2	204828000	7	-0.671229
2	204829000	3	0.265589
2	204830000	1	-0.401635
2	204831000	12	2.20719
2	204832000	28	-0.452638
2	204833000	13	-0.600977
2	204834000	23	0.320997
2	204835000	19	0.0560653
2	204836000	18	-0.61612
2	204837000	19	-0.0348032
2	204838000	19	0.4411
2	204839000	17	-0.291354
2	204840000	22	-0.756708
2	204841000	23	-2.01603
2	204842000	21	-0.213181
2	204843000	10	-1.17113
2	204844000	13	-0.780506
2	204845000	16	-1.39935
2	204846000	17	-1.52133
2	204847000	18	-1.45241
2	204848000	15	-1.14452
2	204849000	15	-1.35378
2	204850000	10	-1.20126
2	204851000	5	-1.35358
2	204852000	8	-0.189874
2	204853000	18	-1.67162
2	204854000	16	-1.83213
2	204855000	12	-1.61696
2	204856000	7	-1.48974
2	204857000	18	-1.88263
2	204858000	16	-1.41183
2	204859000	26	-1.77282
2	204860000	17	-1.42896
2	204861000	12	-1.78706
2	204862000	21	-1.61027
2	204863000	7	-1.31325
2	204864000	11	-1.04197
2	204865000	14	-0.78483
2	204866000	11	-0.228562
2	204867000	15	-1.85107
2	204868000	13	-1.71754
2	204869000	27	-1.06873
2	204870000	22	-1.69016
2	204871000	19	-1.941
2	204872000	16	-1.41551
2	204873000	18	-0.864604
2	204874000	19	-1.26312
2	204875000	14	-1.10873
2	204876000	20	-1.92238
2	204877000	20	-1.38787
2	204878000	20	-1.28781
2	204879000	20	-1.59796
2	204880000	23	-1.91364
2	204881000	15	-0.860672
2	204882000	14	-1.80351
2	204883000	19	-1.63307
2	204884000	20	-0.776379
2	204885000	13	-1.6944
2	204886000	17	-1.17024
2	204887000	17	-1.85997
2	204888000	13	-0.659976
2	204889000	13	-1.46131
2	204890000	15	-0.858694
2	204891000	14	-1.68762
2	204892000	14	-1.60458
2	204893000	15	-0.92375
2	204894000	13	-1.37974
2	204895000	13	-1.03571
2	204896000	20	-1.92244
2	204897000	19	-1.91467
2	204898000	12	-1.49465
2	204899000	15	-1.41873
2	204900000	13	-1.33376
2	204901000	15	-1.88636
2	204902000	11	-1.43881
2	204903000	16	-1.68006
2	204904000	17	-1.60313
2	204905000	19	-1.17151
2	204906000	24	-1.88053
2	204907000	19	-1.46692
2	204908000	12	-1.22661
2	204909000	13	-1.506
2	204910000	12	-0.903694
2	204911000	16	-1.24543
2	204912000	19	-1.89799
2	204913000	19	-1.99641
2	204914000	16	-1.93649
2	204915000	15	-1.87429
2	204916000	21	-1.70427
2	204917000	20	-1.26867
2	204918000	17	-1.59833
2	204919000	11	-1.52821
2	204920000	12	-1.61999
2	204921000	11	-0.381973
2	204922000	13	-1.85113
2	204923000	20	-1.83802
2	204924000	28	-1.89642
2	204925000	18	-1.32936
2	204926000	20	-1.34536
2	204927000	20	-0.428003
2	204928000	17	-1.30109
2	204929000	19	-1.11745
2	204930000	21	-1.59543
2	204931000	21	-2.03602
2	204932000	18	-0.651427
2	204933000	18	-0.766347
2	204934000	18	-1.43141
2	204935000	21	-0.108086
2	204936000	12	-1.1568
2	204937000	11	-1.46645
2	204938000	21	-0.113027
2	204939000	17	-1.98076
2	204940000	16	-0.166747
2	204941000	18	-0.445443
2	204942000	20	-0.189303
2	204943000	6	2.10962
2	204944000	17	-1.35873
2	204945000	11	-1.57142
2	204946000	22	-0.705341
2	204947000	29	0.0895086
2	204948000	10	0.511759
2	204949000	14	-0.556092
2	204950000	13	-1.20458
2	204951000	21	-0.712398
2	204952000	16	-1.93923
2	204953000	22	-0.665219
2	204954000	19	-2.00444
2	204955000	20	0.160494
2	204956000	14	-1.27064
2	204957000	18	-0.0206982
2	204958000	17	-0.749437
2	204959000	13	-1.23691
2	204960000	11	-1.23657
2	204961000	15	-1.32229
2	204962000	16	0.783489
2	204963000	22	-0.462688
2	204964000	12	0.188708
2	204965000	13	-1.22986
2	204966000	16	-0.45809
2	204967000	16	1.53876
2	204968000	16	-0.422111
2	204969000	18	1.1937
2	204970000	15	-0.850025
2	204971000	30	-0.601906
2	204972000	15	-1.17725
2	204973000	16	-1.90358
2	204974000	10	-1.52654
2	204975000	17	-1.55212
2	204976000	20	-1.93016
2	204977000	14	-1.2644
2	204978000	14	-1.23934
2	204979000	15	-1.54725
2	204980000	16	-1.5769
2	204981000	17	-1.43675
2	204982000	20	-1.94285
2	204983000	18	-1.85342
2	204984000	18	-1.26005
2	204985000	15	-1.91631
2	204986000	19	-1.54443
2	204987000	16	-0.604788
2	204988000	18	-1.41632
2	204989000	17	-0.965156
2	204990000	16	-1.71858
2	204991000	16	-0.31992
2	204992000	14	-1.13114
2	204993000	15	-0.937769
2	204994000	8	-0.685575
2	204995000	21	-1.47833
2	204996000	18	-1.55999
2	204997000	21	-1.08101
2	204998000	14	-1.51124
2	204999000	10	-0.727847
2	205000000	16	-1.55212
2	205001000	17	-0.808467
2	205002000	10	-1.03109
2	205003000	21	-1.75126
2	205004000	25	-1.75082
2	205005000	15	-1.2216
2	205006000	20	-2.04773
2	205007000	21	-1.15536
2	205008000	28	-0.749534
2	205009000	15	-0.196345
2	205010000	17	-1.35502
2	205011000	14	-1.27439
2	205012000	13	-0.655731
2	205013000	16	-1.33391
2	205014000	15	-0.860958
2	205015000	10	-1.26421
2	205016000	15	-0.346088
2	205017000	14	-1.71396
2	205018000	24	-1.59763
2	205019000	11	-1.30659
2	205020000	19	-0.941699
2	205021000	21	-0.95621
2	205022000	27	-1.00349
2	205023000	14	-0.572331
2	205024000	15	-1.24889
2	205025000	30	-0.148395
2	205026000	14	-1.07832
2	205027000	19	-1.09567
2	205028000	12	1.82124
2	205029000	9	-0.66961
2	205030000	21	-1.27458
2	205031000	15	-0.549279
2	205032000	21	-1.06916
2	205033000	12	0.1599
2	205034000	14	-0.236386
2	205035000	10	-1.69815
2	205036000	17	-0.884259
2	205037000	19	-1.94228
2	205038000	14	-1.56187
2	205039000	17	-1.05702
2	205040000	13	-1.7862
2	205041000	7	-0.727508
2	205042000	14	-1.5687
2	205043000	9	-0.505887
2	205044000	18	-1.89338
2	205045000	19	-1.84451
2	205046000	10	-1.71715
2	205047000	9	-1.60392
2	205048000	16	-1.5665
2	205049000	11	-1.75329
2	205050000	16	-0.883696
2	205051000	16	-1.51557
2	205052000	9	-1.11279
2	205053000	12	-1.46432
2	205054000	10	-0.43585
2	205055000	5	-1.23447
2	205056000	7	-1.52985
2	205057000	15	-0.730716
2	205058000	9	-1.66054
2	205059000	15	-1.48953
2	205060000	20	-1.82462
2	205061000	23	-1.56259
2	205062000	15	-0.800693
2	205063000	22	-1.8076
2	205064000	13	-1.70025
2	205065000	18	-1.45799
2	205066000	17	-1.42322
2	205067000	14	-1.49785
2	205068000	22	-2.0952
2	205069000	13	-1.85185
2	205070000	24	-1.49007
2	205071000	21	-2.07798
2	205072000	14	-0.968822
2	205073000	8	-1.57424
2	205074000	14	-1.18486
2	205075000	16	-0.604136
2	205076000	14	-1.10984
2	205077000	17	-0.204363
2	205078000	7	-0.590527
2	205079000	16	-1.31597
2	205080000	14	-0.577283
2	205081000	15	-0.788134
2	205082000	17	-1.90637
2	205083000	13	-1.32673
2	205084000	19	-1.29873
2	205085000	18	-0.877226
2	205086000	17	-0.932938
2	205087000	18	-1.30866
2	205088000	27	-1.97432
2	205089000	15	-0.688553
2	205090000	15	-1.17769
2	205091000	19	-1.48725
2	205092000	16	-1.32026
2	205093000	18	-0.393441
2	205094000	16	-0.678357
2	205095000	17	-1.89515
2	205096000	15	-0.883246
2	205097000	16	-1.26721
2	205098000	10	-0.9427
2	205099000	17	-0.848473
2	205100000	14	-1.00723
2	205101000	15	-1.54815
2	205102000	15	-1.3653
2	205103000	17	-1.90949
2	205104000	7	0.822992
2	205105000	20	-0.895217
2	205106000	18	-0.777727
2	205107000	16	-0.827662
2	205108000	15	-1.19582
2	205109000	19	-0.091772
2	205110000	15	-0.155385
2	205111000	23	-0.978382
2	205112000	19	0.508714
2	205113000	9	0.325989
2	205114000	20	-0.842307
2	205115000	23	-0.591639
2	205116000	27	-0.320783
2	205117000	21	-0.913875
2	205118000	19	-0.651876
2	205119000	31	0.00598124
2	205120000	18	-0.212733
2	205121000	20	0.76416
2	205122000	21	-0.0429128
2	205123000	16	0.437849
2	205124000	15	-0.105813
2	205125000	9	-0.509726
2	205126000	15	-0.110907
2	205127000	18	0.120048
2	205128000	17	-0.711557
2	205129000	20	-1.71708
2	205130000	12	-1.33099
2	205131000	21	-1.68739
2	205132000	19	0.0139963
2	205133000	11	-1.54581
2	205134000	23	-1.80297
2	205135000	12	-1.76849
2	205136000	18	-1.99917
2	205137000	14	-1.88137
2	205138000	8	-0.637624
2	205139000	9	-0.743381
2	205140000	19	-1.02182
2	205141000	16	-1.61863
2	205142000	11	-0.707814
2	205143000	13	-1.77786
2	205144000	13	-1.80626
2	205145000	20	-1.36043
2	205146000	18	-1.03273
2	205147000	20	-0.0543296
2	205148000	25	-0.93947
2	205149000	25	0.747082
2	205150000	15	-0.130747
2	205151000	14	0.00307526
2	205152000	3	-0.544146
2	205153000	15	-1.03801
2	205154000	22	-0.334855
2	205155000	18	-0.420285
2	205156000	17	-1.53425
2	205157000	23	-1.4489
2	205158000	30	-0.881431
2	205159000	29	-1.73693
2	205160000	14	-1.23406
2	205161000	15	-0.733583
2	205162000	22	-1.18681
2	205163000	21	-0.641385
2	205164000	19	-0.447392
2	205165000	17	-0.833942
2	205166000	23	-0.764824
2	205167000	26	-1.3246
2	205168000	16	-0.238431
2	205169000	21	-0.773975
2	205170000	15	-1.53706
2	205171000	22	-1.34994
2	205172000	29	-1.49598
2	205173000	17	-0.858125
2	205174000	11	0.383128
2	205175000	5	-1.32301
2	205176000	18	-1.10319
2	205177000	19	-0.547289
2	205178000	11	-1.30738
2	205179000	19	-1.95694
2	205180000	22	-0.381763
2	205181000	17	-1.42163
2	205182000	17	-1.34485
2	205183000	17	-1.42263
2	205184000	15	-1.18774
2	205185000	13	-1.5768
2	205186000	28	-1.25601
2	205187000	20	-1.46209
2	205188000	22	-1.51399
2	205189000	17	-0.476929
2	205190000	21	-1.91735
2	205191000	15	-0.578125
2	205192000	21	-0.560251
2	205193000	18	-1.99323
2	205194000	24	-1.68164
2	205195000	18	-0.988898
2	205196000	31	-1.33273
2	205197000	18	-1.42898
2	205198000	24	-0.325948
2	205199000	16	-1.9426
2	205200000	23	-0.132538
2	205201000	9	-1.65774
2	205202000	19	-0.552561
2	205203000	24	-1.67463
2	205204000	17	0.0813422
2	205205000	11	-1.70838
2	205206000	9	0.987574
2	205207000	18	-1.83259
2	205208000	19	-1.46629
2	205209000	16	0.209529
2	205210000	15	-1.30902
2	205211000	15	-0.536377
2	205212000	16	-0.960747
2	205213000	14	-1.83622
2	205214000	17	-1.67763
2	205215000	10	-0.174578
2	205216000	13	-1.66016
2	205217000	11	-1.11211
2	205218000	12	-1.36694
2	205219000	15	-1.75333
2	205220000	12	-1.18894
2	205221000	17	-0.701773
2	205222000	21	-0.697401
2	205223000	9	-0.610365
2	205224000	16	-1.56442
2	205225000	19	-1.32075
2	205226000	24	-2.01178
2	205227000	19	-1.31686
2	205228000	12	-0.931004
2	205229000	22	-1.90765
2	205230000	22	-1.75671
2	205231000	18	-1.52098
2	205232000	22	-1.48032
2	205233000	14	-1.88273
2	205234000	11	-1.49357
2	205235000	16	-1.39796
2	205236000	19	-1.54251
2	205237000	17	-1.48107
2	205238000	21	-1.32411
2	205239000	20	-0.680004
2	205240000	9	-0.544901
2	205241000	14	-1.62399
2	205242000	18	-1.81277
2	205243000	22	-1.83334
2	205244000	20	-1.72599
2	205245000	14	-1.48927
2	205246000	22	-0.135425
2	205247000	20	-1.76178
2	205248000	12	-1.46137
2	205249000	0	nan
2	205250000	0	nan
2	205251000	10	-0.870364
2	205252000	8	-0.242544
2	205253000	17	-0.701136
2	205254000	17	-1.42636
2	205255000	22	-0.921724
2	205256000	23	-1.62353
2	205257000	14	-0.905394
2	205258000	21	-1.45055
2	205259000	16	-1.36281
2	205260000	15	-1.54901
2	205261000	18	-1.77087
2	205262000	18	-1.8193
2	205263000	18	-1.12342
2	205264000	21	-1.52769
2	205265000	14	-1.20033
2	205266000	20	-1.42279
2	205267000	17	-1.68253
2	205268000	8	-1.48244
2	205269000	16	-1.41253
2	205270000	15	-1.21102
2	205271000	11	-1.66907
2	205272000	20	-1.43161
2	205273000	13	-1.33137
2	205274000	21	-1.50434
2	205275000	14	-1.57584
2	205276000	16	-1.92514
2	205277000	20	-1.08177
2	205278000	26	-1.825
2	205279000	11	-1.69342
2	205280000	17	-1.46042
2	205281000	19	-2.00393
2	205282000	22	-2.0861
2	205283000	10	-1.14312
2	205284000	15	-0.794392
2	205285000	4	-0.838204
2	205286000	18	-1.67187
2	205287000	21	-1.78204
2	205288000	13	-1.84862
2	205289000	15	-0.194562
2	205290000	19	-1.25844
2	205291000	15	-1.56205
2	205292000	21	-2.04901
2	205293000	13	-1.28222
2	205294000	14	-1.88613
2	205295000	14	-1.84392
2	205296000	15	-1.66196
2	205297000	16	-1.64858
2	205298000	21	-1.86325
2	205299000	24	-1.98408
2	205300000	18	-1.96836
2	205301000	11	-1.51751
2	205302000	18	-1.21487
2	205303000	16	-1.70076
2	205304000	20	-1.38278
2	205305000	11	-1.43005
2	205306000	15	-1.2103
2	205307000	13	-1.33579
2	205308000	15	-1.62046
2	205309000	19	-1.25743
2	205310000	16	-1.84357
2	205311000	20	-1.71048
2	205312000	10	-1.69093
2	205313000	19	-1.88665
2	205314000	19	-1.78969
2	205315000	22	-1.82327
2	205316000	22	-1.26832
2	205317000	14	-1.39919
2	205318000	24	-1.23414
2	205319000	15	-1.6574
2	205320000	16	-1.00474
2	205321000	19	-1.40662
2	205322000	15	-1.02415
2	205323000	11	-1.48154
2	205324000	12	-1.18312
2	205325000	25	-1.39258
2	205326000	18	-1.61078
2	205327000	16	-1.90659
2	205328000	6	-0.717416
2	205329000	14	-1.86352
2	205330000	13	-1.11535
2	205331000	13	-1.75814
2	205332000	8	-1.32843
2	205333000	16	-1.76324
2	205334000	12	-1.79194
2	205335000	18	-1.85552
2	205336000	13	-1.46315
2	205337000	20	-1.84116
2	205338000	14	-1.66665
2	205339000	13	-1.79954
2	205340000	12	-1.78477
2	205341000	13	-1.6496
2	205342000	18	-1.7978
2	205343000	15	-1.8068
2	205344000	26	-1.55979
2	205345000	18	-0.252541
2	205346000	17	-1.15818
2	205347000	20	-0.291362
2	205348000	25	-0.397401
2	205349000	22	-1.17078
2	205350000	13	0.199692
2	205351000	18	-0.961079
2	205352000	11	-1.53178
2	205353000	20	-1.42956
2	205354000	11	-1.02829
2	205355000	26	-1.18641
2	205356000	15	-1.63462
2	205357000	15	-1.81464
2	205358000	14	-1.04844
2	205359000	16	-0.619262
2	205360000	16	0.282669
2	205361000	16	-0.823518
2	205362000	27	-0.488411
2	205363000	19	-1.65898
2	205364000	18	-1.75283
2	205365000	18	-1.65358
2	205366000	22	-1.73018
2	205367000	10	-1.57741
2	205368000	26	-2.09625
2	205369000	18	-1.61827
2	205370000	19	-1.91628
2	205371000	17	-1.73435
2	205372000	19	-1.80612
2	205373000	17	-1.39558
2	205374000	7	-0.662687
2	205375000	18	-1.24413
2	205376000	14	-1.30464
2	205377000	10	-1.47556
2	205378000	18	-1.49547
2	205379000	31	-2.01132
2	205380000	14	-1.56198
2	205381000	16	-1.52095
2	205382000	11	-0.903702
2	205383000	20	-1.83916
2	205384000	18	-1.56218
2	205385000	25	-1.09804
2	205386000	15	-1.25492
2	205387000	13	0.562145
2	205388000	22	-0.837077
2	205389000	9	-1.2524
2	205390000	17	-1.63776
2	205391000	12	-0.529138
2	205392000	17	-1.97371
2	205393000	20	-1.47908
2	205394000	27	-1.75976
2	205395000	14	-1.58203
2	205396000	11	-1.66179
2	205397000	17	-1.69661
2	205398000	23	-2.10513
2	205399000	11	-1.37379
2	205400000	18	-1.03725
2	205401000	11	-1.24366
2	205402000	15	-1.45712
2	205403000	17	-1.824
2	205404000	22	-2.06528
2	205405000	15	-1.90086
2	205406000	24	-2.00805
2	205407000	7	-1.53095
2	205408000	16	-1.91272
2	205409000	12	-1.7798
2	205410000	7	-1.52709
2	205411000	17	-1.84975
2	205412000	17	-1.81855
2	205413000	19	-2.03143
2	205414000	17	-1.34945
2	205415000	10	-1.71412
2	205416000	17	-1.19571
2	205417000	19	-1.88805
2	205418000	5	-1.34401
2	205419000	18	-1.87669
2	205420000	21	-2.06058
2	205421000	14	-1.88273
2	205422000	20	-1.60538
2	205423000	9	-1.63961
2	205424000	14	-1.85474
2	205425000	18	-1.84441
2	205426000	23	-1.96444
2	205427000	18	-1.66165
2	205428000	20	-1.98149
2	205429000	17	-1.73477
2	205430000	15	-1.85281
2	205431000	10	-0.930201
2	205432000	14	-1.84756
2	205433000	15	-1.47061
2	205434000	16	-1.59979
2	205435000	11	-1.57715
2	205436000	16	-1.90574
2	205437000	8	-0.91996
2	205438000	15	-1.69132
2	205439000	20	-1.4216
2	205440000	12	-1.79348
2	205441000	23	-1.83818
2	205442000	12	-1.80484
2	205443000	20	-2.02306
2	205444000	16	-1.85669
2	205445000	18	-1.95838
2	205446000	12	-1.71479
2	205447000	5	-0.275684
2	205448000	7	-1.51168
2	205449000	16	-1.51405
2	205450000	10	-1.70592
2	205451000	14	-1.32076
2	205452000	17	-1.9705
2	205453000	15	-1.79445
2	205454000	16	-1.84449
2	205455000	12	-1.69887
2	205456000	16	-1.94967
2	205457000	22	-1.73906
2	205458000	12	-1.80485
2	205459000	21	-1.9806
2	205460000	20	-1.96705
2	205461000	11	-0.810392
2	205462000	8	-1.58175
2	205463000	13	-1.32984
2	205464000	6	-1.447
2	205465000	14	-1.40397
2	205466000	17	-1.79789
2	205467000	18	-1.53156
2	205468000	19	-2.03332
2	205469000	13	-1.81645
2	205470000	19	-1.97418
2	205471000	18	-1.04499
2	205472000	20	-1.63726
2	205473000	16	-1.05305
2	205474000	19	-1.59224
2	205475000	21	-1.37161
2	205476000	21	-2.06728
2	205477000	11	-1.34881
2	205478000	12	-0.708706
2	205479000	22	-2.0563
2	205480000	17	-1.08541
2	205481000	18	-0.881525
2	205482000	19	-1.19155
2	205483000	14	-1.35992
2	205484000	24	-0.918461
2	205485000	28	-2.02871
2	205486000	19	-1.18463
2	205487000	14	-0.964168
2	205488000	19	-2.03413
2	205489000	18	-1.5474
2	205490000	19	-2.0054
2	205491000	14	-1.88239
2	205492000	15	-1.22957
2	205493000	14	-1.43682
2	205494000	18	-1.34008
2	205495000	11	-0.667943
2	205496000	21	-2.0633
2	205497000	17	-1.97342
2	205498000	14	-0.923266
2	205499000	19	-0.819181
2	205500000	16	-1.09263
2	205501000	19	-1.09888
2	205502000	15	-1.0617
2	205503000	10	-1.69427
2	205504000	14	-1.68886
2	205505000	13	-0.693849
2	205506000	19	-1.55638
2	205507000	16	-1.6969
2	205508000	13	-1.57716
2	205509000	12	-1.17546
2	205510000	19	-1.57976
2	205511000	27	-1.91086
2	205512000	16	-1.93194
2	205513000	2	-0.921352
2	205514000	12	-1.34755
2	205515000	18	-0.681723
2	205516000	21	-1.23156
2	205517000	17	-1.5377
2	205518000	18	-0.927907
2	205519000	20	-1.95337
2	205520000	17	-1.61665
2	205521000	18	-1.84149
2	205522000	16	-1.14229
2	205523000	16	-1.8578
2	205524000	19	-2.0156
2	205525000	18	-1.31099
2	205526000	15	-0.631124
2	205527000	19	-1.87697
2	205528000	16	-1.61266
2	205529000	12	-1.7701
2	205530000	21	-1.40592
2	205531000	14	-1.87227
2	205532000	24	-2.06408
2	205533000	11	-1.46393
2	205534000	12	-1.58454
2	205535000	14	-1.32945
2	205536000	16	-0.707553
2	205537000	20	-1.66219
2	205538000	21	-1.62119
2	205539000	15	-1.10953
2	205540000	17	-1.84785
2	205541000	20	-1.83893
2	205542000	20	-1.62623
2	205543000	10	-1.68453
2	205544000	12	-1.68396
2	205545000	11	-1.25498
2	205546000	9	-1.65961
2	205547000	11	-1.76381
2	205548000	22	-1.93455
2	205549000	8	-1.49746
2	205550000	19	-2.02982
2	205551000	9	-1.65961
2	205552000	15	-1.80628
2	205553000	23	-2.04533
2	205554000	12	-1.63096
2	205555000	20	-2.03004
2	205556000	9	-0.845667
2	205557000	16	-1.62169
2	205558000	20	-1.60273
2	205559000	21	-1.26731
2	205560000	18	-1.48489
2	205561000	15	-1.42561
2	205562000	14	-1.7685
2	205563000	14	-1.87627
2	205564000	20	-2.0423
2	205565000	24	-1.95424
2	205566000	17	-1.88447
2	205567000	16	-1.76731
2	205568000	13	-1.82615
2	205569000	16	-1.93037
2	205570000	20	-1.39287
2	205571000	17	-1.59873
2	205572000	18	-0.0989232
2	205573000	15	-1.8622
2	205574000	15	-0.21733
2	205575000	23	-1.48463
2	205576000	14	-1.82476
2	205577000	13	-0.8679
2	205578000	31	-1.30169
2	205579000	19	-1.69578
2	205580000	19	-1.8284
2	205581000	8	-1.0311
2	205582000	17	-1.03249
2	205583000	20	-1.96594
2	205584000	10	-0.190068
2	205585000	19	-1.72468
2	205586000	16	-1.55638
2	205587000	22	-0.96346
2	205588000	22	-1.759
2	205589000	16	-1.45163
2	205590000	21	-1.69575
2	205591000	19	-0.911208
2	205592000	13	-1.63194
2	205593000	13	-0.972126
2	205594000	18	-0.852948
2	205595000	6	-1.20709
2	205596000	20	-1.69987
2	205597000	14	-1.31225
2	205598000	15	-0.483305
2	205599000	19	-1.28285
2	205600000	18	-0.894176
2	205601000	20	-1.94757
2	205602000	13	-1.82477
2	205603000	23	-1.71397
2	205604000	18	-1.95694
2	205605000	19	-1.65486
2	205606000	21	-1.15587
2	205607000	13	-1.33872
2	205608000	18	-1.05008
2	205609000	17	-1.55072
2	205610000	15	-0.342191
2	205611000	0	nan
2	205612000	6	-0.494502
2	205613000	15	-1.33896
2	205614000	9	-1.12532
2	205615000	24	-1.96284
2	205616000	15	-1.77369
2	205617000	16	-0.563382
2	205618000	16	-1.39575
2	205619000	16	-1.0104
2	205620000	25	-1.95644
2	205621000	18	-1.99521
2	205622000	14	-1.88715
2	205623000	16	-0.857876
2	205624000	10	-0.89748
2	205625000	16	-1.73926
2	205626000	12	-1.09698
2	205627000	20	-1.47218
2	205628000	16	-0.89608
2	205629000	17	-1.53442
2	205630000	13	-1.60027
2	205631000	6	0.365417
2	205632000	0	nan
2	205633000	0	nan
2	205634000	0	nan
2	205635000	17	-1.55895
2	205636000	20	-1.56977
2	205637000	18	-1.87549
2	205638000	23	-1.94022
2	205639000	17	-1.13644
2	205640000	20	-1.66674
2	205641000	20	-1.64654
2	205642000	15	-1.34906
2	205643000	21	-2.01394
2	205644000	12	-1.81054
2	205645000	14	-1.53001
2	205646000	12	-1.27628
2	205647000	16	-1.41178
2	205648000	16	-1.92393
2	205649000	12	-1.77053
2	205650000	12	-1.37439
2	205651000	14	-1.61893
2	205652000	12	-1.81054
2	205653000	16	-1.74057
2	205654000	17	-1.22689
2	205655000	22	-1.8302
2	205656000	9	-1.66194
2	205657000	7	-1.52213
2	205658000	12	-1.25966
2	205659000	28	-1.8171
2	205660000	14	-1.80529
2	205661000	22	-1.77008
2	205662000	11	-1.4578
2	205663000	14	-1.87661
2	205664000	26	-1.89084
2	205665000	12	-1.78969
2	205666000	18	-1.44643
2	205667000	13	-1.68638
2	205668000	20	-1.79462
2	205669000	17	-1.55482
2	205670000	18	-1.58696
2	205671000	14	-1.78929
2	205672000	13	-1.78823
2	205673000	10	-1.61709
2	205674000	24	-1.86356
2	205675000	20	-2.05006
2	205676000	19	-1.70594
2	205677000	11	-1.4004
2	205678000	14	-1.48107
2	205679000	16	-1.85856
2	205680000	20	-1.81475
2	205681000	15	-1.88897
2	205682000	13	-1.67001
2	205683000	18	-1.80406
2	205684000	16	-1.90029
2	205685000	16	-1.32053
2	205686000	18	-1.81802
2	205687000	17	-1.48701
2	205688000	13	-0.959535
2	205689000	14	-1.77978
2	205690000	22	-1.97886
2	205691000	14	-1.88681
2	205692000	10	-0.979504
2	205693000	17	-1.83421
2	205694000	8	-0.633392
2	205695000	13	-1.74662
2	205696000	22	-1.74127
2	205697000	22	-1.54438
2	205698000	30	-2.20995
2	205699000	15	-1.70976
2	205700000	21	-1.85858
2	205701000	21	-1.69438
2	205702000	14	-1.52575
2	205703000	14	-1.3397
2	205704000	17	-1.96727
2	205705000	17	-1.70921
2	205706000	13	-1.46714
2	205707000	13	-1.7469
2	205708000	21	-2.00321
2	205709000	12	-1.61353
2	205710000	14	-1.67997
2	205711000	21	-1.93535
2	205712000	21	-1.75467
2	205713000	11	-1.71472
2	205714000	8	-0.809306
2	205715000	9	-1.03698
2	205716000	9	-1.54496
2	205717000	14	-1.61849
2	205718000	21	-1.73942
2	205719000	22	-1.69098
2	205720000	21	-1.50148
2	205721000	12	-1.29886
2	205722000	22	-2.0083
2	205723000	6	-1.33851
2	205724000	16	-1.41882
2	205725000	15	-1.90084
2	205726000	14	-1.87967
2	205727000	30	-1.66304
2	205728000	17	-1.6392
2	205729000	23	-1.73616
2	205730000	20	-2.02531
2	205731000	17	-1.72567
2	205732000	20	-1.72848
2	205733000	21	-1.45255
2	205734000	16	-1.75946
2	205735000	4	-1.24473
2	205736000	16	-1.89926
2	205737000	13	-1.84646
2	205738000	15	-1.66374
