102498578	3.110908
102498953	3.711082
102499015	-0.458528
102499192	2.6037
102499285	3.907642
102499415	3.482946
102499762	4.061417
102499935	2.843691
102500175	6.703993
102500252	0.136246
102500416	7.359956
102500526	5.946102
102500588	6.264009
102500659	6.286482
102500788	4.229774
102501876	-1.189969
102503001	-0.870912
102503199	-0.423517
102503638	-0.824976
102504356	0.093211
102504927	-0.089897
102505179	0.619198
102505609	-0.805763
102505847	-0.958604
102507944	-1.197638
102508124	-1.017896
102508557	1.867086
102508948	2.166878
102509022	-0.773142
102509402	2.216838
102509619	1.441257
102509640	-0.592638
102509862	1.70113
102511153	-0.353127
102511193	-0.471578
102511475	-0.355893
102512419	-0.708659
102513093	6.720298
102513167	-0.605004
102513186	6.797927
102513254	6.647445
102513322	6.808651
102513480	7.121594
102513507	6.758411
102513545	9.683297
102514020	2.140749
102514043	2.139855
102515133	-0.464736
102515341	-0.648377
102515788	-0.765945
102518343	-0.712608
102520275	-0.798937
102520785	-0.330491
102520862	-0.246685
102522610	-0.812038
102523541	-0.625197
102524433	-0.310911
102528133	-0.672905
102528865	0.024682
102529098	-0.268459
102529973	-0.555584
102532127	-0.371634
102537077	-0.355497
102538183	-3.967951
102541111	1.091193
102541273	1.130667
102541331	1.202361
102541941	-0.375264
102543892	-0.554494
102544950	-0.43894
102545015	-0.009503
102545658	-0.709716
102546562	-1.039895
102547238	-0.63871
102549706	-0.790761
102551104	-0.439767
102551570	-0.230114
102551731	-0.459932
102552162	-0.852886
102554338	-1.43713
102555443	-1.749156
102556955	-1.359985
102558256	0.116971
102558277	0.032768
102558580	-0.116956
102558839	-1.743601
102559146	-2.018465
102559320	-1.911421
102560065	-1.414569
102560877	-0.476992
102561499	-1.694717
102563794	-1.519975
102565016	-0.052881
102565132	1.007224
102565480	1.1674
102566388	-0.11134
102566711	-0.115623
102566810	-0.013458
102567286	-0.458847
102567436	-0.877501
102567459	-0.914888
102568783	-0.76251
102569209	1.014404
102569368	1.143525
102569411	2.028656
102569730	1.36071
102570449	-0.414426
102570753	0.020569
102570977	-0.497604
102571890	0.015865
102572251	0.193625
102572708	1.65275
102572774	0.833718
102573077	1.669983
102573808	1.00112
102573919	1.491169
102574158	2.526406
102574172	2.570615
102574367	1.700552
102574471	2.204265
102574573	2.03092
102574695	0.59738
102575253	-1.148544
102575356	-0.578708
102575836	-0.158442
102576115	0.71866
102576679	0.632946
102576776	1.72163
102576912	0.793821
102576983	0.82473
102577737	0.642054
102577969	1.034412
102578173	1.976088
102578197	1.945604
102578249	0.689306
102579438	-0.071582
102579804	-0.255267
102580376	-0.62571
102581204	-0.652878
102581505	0.575382
102581830	-0.119038
102581878	0.747273
102587222	-0.073278
102587555	-0.462074
102588365	-1.051505
102588509	-0.544423
102588878	-1.302361
102590476	-0.36956
102590589	-0.195706
102592137	-2.02114
102592464	-2.380751
102593169	-1.126995
102593941	0.766525
102593985	0.846602
102594041	1.337043
102594173	0.802358
102594545	-0.484836
102595470	-1.264515
102595706	0.000886
102595770	-0.024444
102596606	1.107066
102596697	1.864551
102597045	4.615373
102597168	3.274748
102597215	2.540675
102597360	3.082966
102597786	0.564798
102598109	0.935043
102598140	0.538125
102598151	0.12975
102598358	0.335869
102598577	0.393917
102599503	-0.95999
102601991	0.195091
102602011	0.117991
102602415	0.941341
102602464	-0.057021
102602644	3.900398
102602651	3.989335
102602859	5.539463
102603135	5.028045
102603229	2.664283
102603328	0.152713
102603700	1.134001
102603749	0.719079
102603982	0.048288
102605586	-0.186538
102605800	0.281354
102606143	0.416091
102606385	0.366841
102606843	-0.230458
102607783	-0.664831
102608138	0.50469
102608288	0.630064
102609316	-0.399988
102610122	-0.282438
102610586	1.857039
102610833	2.437176
102610912	2.784693
102611136	1.42584
102611334	-0.243652
102611656	-0.082337
102612840	-0.237257
102613097	2.227898
102613252	2.473308
102613269	2.474102
102614169	0.325771
102614310	-0.138272
102615073	-0.35492
102615162	-0.619945
102615747	-0.417373
102615995	0.69441
102616166	0.873661
102617300	-1.357808
102618033	-1.043601
102618048	-0.356615
102618085	-0.371189
102618110	-0.24633
102618249	0.332071
102618746	-0.866608
102619291	0.188904
102619507	1.891024
102619828	0.348925
102620618	-0.333434
102620737	-0.699935
102622167	-0.824242
102622486	0.591681
102622489	-0.753907
102622843	1.851351
102623049	0.282035
102624280	-0.998175
102624740	2.184549
102624749	2.208679
102624818	1.867144
102625100	-0.87253
102625441	-0.833637
102626001	-0.679967
102626210	-0.239035
102626578	-0.133743
102627108	-0.399646
102628544	0.51786
102628719	3.224051
102628847	4.658154
102628849	4.674993
102628941	2.006192
102629168	5.016461
102629517	1.240457
102630737	-1.256552
102631303	-1.974367
102632795	-0.79877
102634710	-0.048097
102635111	-0.613813
102635952	-0.636821
102636327	-0.554551
102637299	-0.329275
102637640	2.408425
102638020	0.845086
102638076	0.205681
102638137	1.075135
102638201	0.326261
102639084	3.143604
102639217	3.079874
102639252	3.079874
102639290	-0.560142
102639417	2.922291
102639502	-0.661688
102640341	-0.95999
102641131	1.151128
102641136	1.654498
102641265	2.023843
102641428	0.263918
102641727	1.167177
102642012	2.307339
102642073	1.193507
102642299	1.921631
102642344	1.578557
102642453	1.219047
102642526	1.619138
102643396	-0.100736
102643397	-0.101186
102643830	0.573905
102644099	0.229745
102644185	-0.303356
102644210	0.690992
102644912	-0.072823
102645282	0.884668
102645772	1.003971
102646394	-1.039988
102646992	-0.799992
102647563	-0.443816
102647989	0.197617
102648382	-0.258295
102651081	-0.527141
102651455	-0.153707
102651821	-0.359929
102652032	-0.173941
102652570	-0.55995
102653171	-0.254636
102653615	-0.757037
102654820	0.617383
102654896	1.041417
102654946	1.366678
102655362	1.099442
102655378	0.253088
102655510	0.109347
102656452	-0.29053
102656548	-0.404551
102657746	-0.814212
102658075	-0.917893
102659717	-1.847877
102659820	-1.936619
102660258	-2.198671
102661557	-0.77265
102661574	-0.115489
102661910	-0.532648
102662428	-0.966407
102662479	-0.806204
102662892	-0.999731
102663042	-1.074065
102663719	-2.559973
102664794	-0.862795
102665146	-0.75773
102665975	-0.157733
102666327	1.125399
102666495	0.350318
102666785	-0.041978
102666886	0.625269
102666903	0.629811
102666908	0.629811
102669058	-0.705222
102669939	-4.643304
102669955	-4.469178
102671442	-1.108997
102671680	-1.125987
102671993	-0.529218
102672947	0.748521
102672985	0.646763
102673883	-0.879937
102675023	-1.03642
102675672	-1.119988
102677410	0.713883
102677450	1.115019
102677497	1.035178
102677625	0.956695
102677651	0.344312
102677836	0.593115
102678690	-0.477125
102679010	0.102179
102679337	0.220534
102680913	-0.279829
102681058	-0.143785
102681271	-0.558799
102681444	-0.373991
102682750	-0.268226
102683142	-0.096898
102683235	-0.734551
102683497	-1.179588
102684284	0.715968
102684689	0.986301
102685306	-0.79999
102686178	0.411494
102686316	0.331631
102687298	-0.399996
102688240	0.250273
102688487	0.614082
102688906	0.609179
102689163	0.456939
102690442	-0.479988
102691162	-0.046594
102692171	1.104987
102692822	-0.116459
102693004	-0.043811
102693793	0.423064
102693958	0.336681
102693963	0.348003
102696881	-1.363219
102697725	0.497203
102697972	2.481481
102698447	-0.702721
102700194	0.219117
102700442	0.181466
102700484	0.22683
102701232	0.281569
102701262	-0.587638
102701288	0.272693
102701345	0.262143
102702604	-0.353103
102704134	1.621464
102704140	1.621944
102704153	-0.067664
102706018	-0.854278
102708235	-0.538457
102708997	0.523765
102709308	0.517842
102710688	-0.479995
102712542	-0.540229
102712657	-0.371604
102714254	-0.799992
102714886	-0.559994
102715549	1.582039
102715698	1.66134
102715888	1.663769
102717797	2.960586
102717916	3.731136
102718100	2.632255
102718240	6.65271
102718286	6.64151
102718619	1.589588
102718658	1.749719
102719650	-1.439985
102720906	-0.549544
102721078	-1.499399
102721732	2.531742
102721809	2.206447
102722017	4.26715
102722142	2.083337
102722182	3.379202
102722393	2.628142
102722868	2.229901
102722913	0.610319
102723246	1.750532
102723261	0.758161
102723640	0.963016
102723740	0.963282
102724405	0.522063
102724542	0.405213
102725298	0.524687
102725474	1.178247
102725955	2.348265
102726005	1.567961
102726095	3.308002
102726241	4.13944
102726519	3.413446
102726594	2.684235
102726657	2.027877
102727577	-0.344237
102727619	0.553966
102729417	1.637417
102729463	3.105875
102729766	4.623911
102729954	2.240731
102730070	2.178235
102730555	0.237985
102735510	1.057274
102735513	-0.743871
102736456	-0.107762
102736743	0.41636
102737250	-0.874165
102737936	0.901246
102738147	0.978589
102738722	-0.479757
102739452	3.162731
102739536	3.776816
102739791	4.787327
102739928	4.622275
102739980	2.846956
102741002	-0.460864
102743353	2.649927
102743438	1.072999
102743687	3.620386
102743698	3.554826
102743811	3.476236
102744092	2.874866
102745985	-0.799953
102746780	1.05861
102747265	0.818236
102747927	-0.796996
102750922	0.871034
102751076	0.779007
102751276	-0.004469
102752201	-0.032915
102752589	-0.127648
102753408	-1.11998
102754507	-1.199987
102755378	-0.87999
102756099	-0.799992
102756731	-0.171252
102757065	-0.335208
102757578	-0.639604
102762581	-0.636822
102764358	-0.757983
102766892	-0.79901
102769511	0.103293
102769693	1.536283
102769808	1.320047
102770103	2.851979
102770557	1.122856
102770588	3.175416
102770684	1.92495
102770948	1.525182
102772190	0.646652
102772299	0.885794
102772861	-0.39668
102773838	-1.11052
102777778	-0.716545
102778455	0.939243
102778580	-0.344944
102778646	0.932322
102779314	-0.234123
102779328	-0.147525
102780724	1.787843
102780792	1.788672
102780881	2.239368
102781331	0.576583
102781633	-0.05728
102782908	0.585523
102783351	0.204141
102784230	0.034361
102784239	-0.026869
102786685	0.490978
102787117	1.343799
102787423	0.669009
102788747	-0.559007
102790037	-0.879653
102790818	-0.159905
102791185	-0.21153
102791905	-0.153213
102792348	0.293154
102792611	-0.200606
102793224	2.905412
102793278	3.083984
102793376	3.08569
102793500	2.403013
102794164	1.22499
102794613	1.711937
102794621	1.711756
102795091	1.139853
102795845	-0.717559
102797036	0.221448
102797300	0.118269
102797863	1.816774
102797940	1.471794
102798192	1.442779
102798735	0.561973
102799072	1.823501
102799510	0.486966
102800943	-0.20046
102801474	0.483389
102801941	2.437436
102802051	1.100686
102802286	1.034261
102805158	-1.030338
102805940	-0.600115
102806042	-0.829876
102807050	-0.710018
102809755	-0.137239
102810162	-0.136848
102812305	-0.879987
102818067	-0.956743
102818960	0.849638
102819025	0.268449
102819154	0.774131
102820684	-1.359986
102821381	-0.819059
102821550	1.078247
102821717	0.407895
102822045	0.905276
102823090	0.692123
102823169	-1.251543
102823426	1.002222
102824391	-1.500713
102824807	0.562221
102825739	0.904994
102825978	1.305003
102826852	-1.457939
102830710	-0.787547
102831285	-0.763306
102832228	-1.585551
102832259	-1.463268
102834387	-1.026051
102835645	-0.719954
102837557	-0.791687
102839287	-0.795734
102841605	-1.119849
102847428	-1.345826
102848466	-1.077349
102849219	-1.119988
102849920	-1.276014
102852286	-1.019537
102852575	-0.539803
102852939	-0.729096
102853602	-0.86035
102853792	-0.632515
102854390	-1.198892
102855110	-0.281314
102855241	-0.23386
102855806	0.672873
102855954	1.848075
102856226	-0.608131
102856331	0.69184
102857563	-2.480474
102857605	-0.473786
102857916	0.200736
102858316	1.458007
102859370	-0.719636
102859835	-0.614333
102867379	0.251164
102867716	-0.135964
102868793	-1.679982
102872175	-0.953282
102872845	-1.193308
102874074	-0.021076
102874526	-0.05163
102874770	-0.833432
102877959	-0.559965
102879321	-0.319984
102880524	-1.09062
102881085	-0.958851
102883425	-0.40496
102885084	0.583378
102885147	0.523688
102885596	-0.855189
102887749	-0.079999
102888729	-0.479995
102893323	-0.479995
102893970	0.606607
102894289	0.445542
102894999	-0.539117
102895397	-0.588251
102895859	0.181331
102896337	0.006777
102898570	-0.474845
102899325	-0.514545
102901822	-0.716781
102903175	-0.876551
102904490	-0.639966
102905052	-0.639956
102908441	-1.272287
102909994	-1.03986
102910584	-0.955801
102911643	-0.799989
102912159	-1.039989
102914396	0.498452
102915023	-0.799988
102915967	-0.100548
102916242	-1.381327
102917419	-0.059741
102917851	-0.140131
102919754	-1.039989
102922324	-1.498894
102922487	-1.714018
102925939	-1.199928
102928866	-1.025079
102929034	-0.866086
102929715	-1.149432
102936592	-0.639993
102938040	-0.750274
102938550	-0.68304
102940768	-0.775329
102941899	-0.593973
102942198	-0.260468
102942761	-0.21324
102943144	-0.060205
102943931	-1.130365
102943996	-1.103688
102945076	-0.631791
102945827	-0.47078
102947157	-0.162594
102947486	-0.682128
102948472	-0.428296
102948730	-1.099546
102948991	-0.689156
102950222	-1.757452
102951010	-1.195386
102951647	-0.769253
102952540	-0.333962
102952819	-0.454833
102953681	-0.10133
102953883	0.28133
102954555	-1.261801
102955216	-0.911678
102957630	-0.639846
102958691	-0.038719
102958744	-0.082867
102960611	-0.959931
102961490	-0.048575
102961880	-0.039441
102963120	-1.518384
102963911	-1.289065
102964445	-0.9042
102967631	-1.176293
102968082	-0.582471
102968448	-0.015658
102970332	-0.335247
102970744	0.920451
102971016	-1.30417
102971815	-2.297685
102973144	-0.391326
102973314	-0.130281
102973987	-0.952147
102974061	-0.119674
102974359	0.096134
102975303	-0.783218
102975423	-0.906137
102976899	-0.648393
102977140	-0.483805
102977777	-0.877602
102979378	-0.959984
102979904	-0.879991
102981004	-1.039989
102982211	-1.119988
102983393	-0.884326
102983720	-0.078848
102983937	-0.218328
102985850	-0.399846
102987238	-1.277992
102988188	-0.799988
102988963	-0.868981
102989114	-0.941457
102991139	-0.317933
102991684	-0.369232
102992517	-0.231567
102993149	-0.311546
102994231	-0.391777
102995239	-0.139525
102995263	-0.139284
102998681	0.137029
102998867	0.434081
102999492	-0.559993
103000806	-0.479979
103001441	-0.63713
103003044	-1.212309
103003423	-0.39644
103004726	1.408584
103004975	1.811785
103005023	1.650905
103005798	-0.398256
103006301	-0.399684
103006993	0.622794
103007383	1.479003
103007591	1.399706
103008037	1.017657
103008110	0.022601
103008712	-0.571929
103008902	-1.035645
103008922	0.306542
103009484	-0.942293
103009512	-0.978034
103010635	-1.039972
103011867	1.133928
103011869	1.132484
103012267	0.317477
103013903	0.463814
103014305	0.543082
103015491	-0.879989
103016842	-0.411971
103016878	-0.064454
103019218	1.131802
103019375	-0.475429
103020417	-0.793413
103020804	-0.653961
103021348	-0.799975
103022303	-0.799992
103023049	-1.279856
103023963	-0.233906
103024138	0.030836
103024435	0.26751
103025467	-0.879991
103027883	-0.102707
103027955	0.006885
103027969	-0.797274
103029297	-0.628617
103031300	-0.476667
103031774	-0.454332
103031854	-0.971338
103032197	-0.435177
103032292	-0.866772
103033944	-0.277196
103034162	-0.370124
103035429	-0.559805
103036306	-1.187561
103037250	-0.202277
103037625	-0.860043
103037857	0.214227
103037948	1.113751
103038384	-0.321896
103041012	-1.039989
103041618	-0.690248
103041650	-0.686059
103041682	-0.761388
103042738	1.767806
103043048	0.048405
103043064	1.051486
103043173	1.101797
103043325	-0.540841
103043646	-0.755051
103043896	1.168201
103044068	1.574189
103044164	0.864239
103044211	1.731959
103044377	2.188585
103044482	2.334958
103044559	2.409518
103044878	-0.067856
103045421	0.445309
103045423	0.445072
103046962	-0.926865
103047069	-0.682163
103047763	-1.367891
103048019	-1.288243
103050026	-0.639993
103050743	-0.714915
103051267	-0.864291
103051998	-1.273299
103052194	0.023851
103052268	0.07112
103052635	-0.18217
103052816	-0.218941
103053437	-0.369828
103054504	-1.823764
103055553	-0.241595
103055853	0.281577
103056094	-0.060407
103056624	-0.437657
103056905	-0.270856
103057546	-1.119988
103058277	-1.577952
103058514	0.125535
103058679	0.288005
103058843	-0.126424
103059521	-0.926044
103059666	-0.726173
103059680	0.769477
103065951	-1.119714
103066533	-1.286652
103066620	-1.00628
103067168	-1.119741
103068692	-0.454579
103069102	-0.001767
103069256	-0.81847
103072288	-1.681115
103072435	-1.4092
103073191	0.272693
103073291	0.175644
103075216	-0.151577
103075330	-0.252196
103075983	-1.358295
103076734	-1.186357
103081402	-0.875637
103082476	-0.596115
103082484	-0.596965
103084574	1.457088
103084603	1.375167
103084840	1.242855
103085133	1.886096
103086048	0.935483
103086097	-0.534236
103086297	1.013527
103086980	-0.092141
103087298	-0.009601
103088491	-0.520663
103091829	-0.462867
103092425	-0.977166
103092515	-1.039931
103093115	0.991476
103093479	-0.368624
103093486	2.653638
103093726	1.191299
103094205	-0.068855
103094785	-1.088449
103095088	-0.605751
103095312	-0.437104
103095465	-0.175647
103095945	-0.118902
103096232	-0.05297
103096591	-0.30665
103096795	-0.188905
103096956	-0.680569
103097205	-0.082326
103097554	-0.727543
103097766	-0.952482
103098004	-0.642814
103098400	0.077287
103098676	0.319509
103098727	0.319509
103099008	0.242282
103099069	0.322281
103099673	0.237726
103100016	0.837268
103100112	0.710278
103100171	0.608443
103101164	0.563568
103101290	1.124891
103101524	1.363521
103101543	3.437972
103101602	3.28042
103101762	3.044215
103101944	-0.3457
103102027	0.524295
103102270	0.620866
103103045	0.000157
103103382	0.662811
103103631	0.050957
103103664	1.348437
103103912	0.854454
103104182	-0.576108
103104682	-0.044288
103104722	-0.276088
103105386	-0.973334
103105685	0.124069
103105732	0.02091
103106175	0.20389
103106178	0.254452
103106466	-0.300077
103106858	-0.853291
103106996	-0.53003
103107274	0.350394
103107772	-0.135222
103107786	-0.573713
103107974	-0.560864
103108263	-1.178564
103108448	-1.035333
103108786	-0.952993
103108795	-1.079944
103109267	0.220368
103109402	-0.027431
103109495	-0.754513
103109811	0.893351
103110066	-0.379897
103110319	0.252725
103111242	-0.203728
103111493	-0.503081
103111709	0.000332
103112465	0.251938
103112813	2.197917
103113209	0.641906
103113350	0.655494
103113598	1.463004
103113737	1.732487
103113866	1.813894
103114000	2.060791
103114064	3.053127
103114104	1.541607
103114110	2.199465
103114369	1.231582
103114452	1.785147
103114471	1.393422
103115022	0.388241
103115045	0.48043
103115391	0.311091
103115404	0.398536
103115430	-0.34659
103116022	-0.553343
103116262	-0.439524
103117289	-1.119974
103117826	-1.359986
103118764	-0.286972
103118915	1.314993
103119211	0.898653
103119281	-0.428563
103119955	-0.027844
103120047	-0.065032
103121043	-0.05873
103121120	0.020892
103121486	1.944328
103121726	-0.219565
103121884	-0.369199
103121972	-0.044459
103122348	-0.200326
103122561	-1.09188
103123404	-0.846989
103123440	-0.597639
103124254	-0.954311
103124607	0.062012
103124634	0.683634
103125031	2.716135
103125127	3.209004
103125220	2.492003
103125285	2.553805
103125383	1.676271
103125489	2.646403
103125530	3.939438
103125773	2.074625
103125915	1.056845
103125969	1.057931
103132210	-0.816688
103132510	-1.964807
103133044	-1.243029
103133389	-1.214098
103133429	-0.419452
103133586	-0.920123
103134179	-1.005787
103134678	0.998075
103134685	0.834995
103134766	1.216926
103135116	0.801215
103135158	1.275384
103135250	0.357254
103135610	0.972497
103135778	0.047569
103135867	1.020049
103136012	1.019605
103137539	-0.494472
103137879	0.327834
103137941	0.404493
103137977	-0.398672
103138621	-0.182113
103138628	-0.263026
103138667	-0.303894
103140736	-1.133719
103141441	-0.603681
103141696	-0.174921
103142932	-0.473971
103144711	-0.394079
103144754	-0.843171
103144890	-0.300698
103147494	-0.860697
103148009	-0.799046
103148530	0.827788
103148560	-0.179395
103148646	0.833332
103149704	-0.595403
103149809	-0.611858
103151238	0.02279
103151453	0.200856
103151556	0.42224
103151760	-0.224361
103152288	-0.462606
103152517	-0.382627
103153674	4.589457
103153709	4.60036
103153755	4.925803
103153854	4.676624
103154004	0.810537
103154130	5.311706
103154391	0.550221
103154686	0.054216
103155227	3.026824
103155276	4.228381
103155500	5.392984
103155520	2.264421
103155567	1.112635
103155652	3.397903
103155765	4.588242
103155773	0.152105
103155822	3.263163
103156100	2.462855
103156358	2.984079
103156422	-0.972373
103156441	-0.415238
103156829	2.893581
103156851	2.886524
103156858	2.892852
103156892	1.89079
103156923	-0.493412
103156971	-1.050738
103157504	-0.897545
103157623	0.348914
103158008	-0.227379
103158175	-1.212587
103158385	-2.309709
103158770	-0.810089
103158817	-0.42182
103159044	1.735684
103159089	1.344437
103159273	-0.185013
103160053	2.234267
103160111	3.344289
103160114	3.660184
103160167	-0.083438
103160208	0.037812
103160210	1.271342
103160560	2.641631
103160885	-0.646865
103161010	0.041821
103161815	-0.733808
103162157	-0.175622
103162998	-0.517599
103163213	-0.323654
103163326	0.162741
103163889	2.930136
103163922	5.018185
103163926	4.907837
103163959	4.947271
103164073	4.240896
103164166	1.766912
103164401	4.74304
103164462	1.802658
103164473	5.2865
103164614	5.131617
103164816	5.294137
103164921	3.11604
103165019	2.113885
103165485	2.958453
103165513	2.848877
103165608	-0.239623
103165885	0.914529
103165898	0.840985
103166086	-0.135014
103166193	-0.441924
103166232	-0.438448
103166437	0.70226
103166718	-1.969501
103166816	0.732603
103167316	0.145929
103167394	-1.105314
103168050	-0.686953
103168210	-0.588547
103168673	1.621606
103168829	4.369928
103169127	6.367122
103169242	6.02763
103169254	6.093874
103169614	6.541136
103169656	5.957276
103169856	5.181547
103169974	4.085953
103169982	4.011945
103170123	4.615448
103170124	3.10623
103170222	3.953445
103170226	4.278499
103170246	4.942489
103170292	6.08299
103170425	7.061467
103170468	4.541344
103170568	5.941512
103170700	3.451272
103170769	2.777868
103170772	2.731216
103170824	2.71307
103170842	5.096082
103170845	2.689477
103171120	3.82319
103171274	3.078873
103171317	2.680144
103171548	-0.939746
103171932	-0.76313
103172135	-0.287355
103172201	-0.207073
103172311	0.625121
103172826	-0.149419
103173058	-0.934369
103173173	-0.305927
103173564	2.693628
103173654	3.10415
103173711	0.349953
103173749	3.524126
103174015	5.171583
103174117	1.486596
103174196	0.779576
103174491	2.122184
103174819	2.14847
103175292	2.224806
103175743	1.035722
103176039	-0.065825
103176740	0.655479
103176770	0.64647
103177071	0.591111
103179173	-0.522476
103179275	-0.294899
103179788	-0.559569
103180149	-0.521812
103180875	-0.388072
103181113	-0.386715
103181749	1.591268
103182231	1.302965
103182616	1.508796
103182636	2.317042
103182661	1.506705
103183218	0.477674
103183510	1.52789
103183531	2.564316
103183935	2.727415
103184089	0.103379
103184590	-0.213596
103184652	-0.234314
103186708	5.484719
103186782	3.839456
103186797	3.83923
103187076	4.731106
103187146	2.544947
103187430	1.543302
103187562	1.919402
103187612	-0.085334
103188294	-0.446391
103189416	-0.841428
103190128	-0.135331
103190229	-0.729773
103190486	-0.227586
103190828	-0.719186
103191787	-0.851233
103192243	-0.342914
103193578	-1.100864
103194264	-1.053768
103194531	-1.090104
103195240	-0.396281
103195333	-0.125867
103196355	-0.559994
103197384	-0.51072
103197882	0.94091
103198424	0.072061
103198466	0.520086
103198929	0.223952
103199767	-0.486616
103200577	-0.719992
103201821	-1.039986
103202914	-0.102993
103203228	0.29296
103203250	0.516367
103203467	1.563049
103203482	0.850648
103203500	1.54834
103203853	1.974422
103203915	0.381773
103203945	1.981689
103204126	1.206301
103204358	0.787708
103204845	1.050118
103205126	0.380726
103205295	2.722831
103205646	0.862125
103206090	0.315466
103206555	0.497207
103207425	0.769423
103207807	0.300736
103208703	0.013487
103208891	-0.579525
103209753	-0.638932
103210521	-0.278862
103210831	0.563176
103211254	-0.514168
103211903	-0.884037
103212430	3.925218
103212456	3.832235
103212512	2.531795
103212846	3.319626
103212864	5.96673
103212916	6.805732
103213242	2.167156
103213362	2.441535
103213671	0.79448
103214099	0.713161
103214388	-0.1025
103214560	1.414183
103214762	1.682197
103215239	1.302139
103215245	1.569627
103215347	0.897617
103215671	0.74821
103215692	1.043564
103216782	0.129678
103217040	-0.535207
103217980	2.411829
103218060	2.410441
103218327	2.992352
103218446	2.755084
103219249	0.014553
103219675	0.208675
103220401	0.179854
103221638	-0.044517
103224534	-0.56972
103225116	0.09762
103225255	-0.132928
103225513	0.112304
103227073	-0.239361
103227284	-0.326842
103228357	0.746227
103228545	0.694971
103228734	0.286914
103228976	0.190559
103229362	-0.626326
103229659	-0.664056
103229845	0.593818
103231262	-0.714463
103231406	-1.010174
103231927	-0.806725
103232168	-1.160392
103233207	-0.543042
103233611	0.207922
103234223	0.605311
103234413	0.526025
103234626	-0.330925
103235640	-0.512624
103238268	-0.799989
103238966	-0.799911
103241948	-0.639993
103243101	-0.639993
103244676	-0.352399
103247440	-0.292626
103249884	-0.559994
103251513	-0.664804
103252014	-1.279974
103253056	0.710894
103253183	-0.535226
103253946	-0.130884
103254016	-0.050885
103254421	-0.397751
103255692	-0.472244
103259561	-0.479686
103260310	-1.118223
103261217	-0.886652
103261236	-0.926904
103262478	-0.559929
103264105	-0.319842
103265177	-0.006539
103265343	-0.287128
103267798	-0.153692
103268763	0.123547
103268999	0.003809
103269081	0.165465
103270070	-0.697271
103271888	-0.559993
103274665	0.300257
103275132	0.300258
103275840	-0.479994
103277284	-0.959989
103280629	-0.12189
103280897	-0.126506
103281890	0.782165
103281909	0.5974
103282130	0.67727
103283130	3.773119
103283326	2.557845
103283378	3.489293
103283395	3.935884
103283460	3.863188
103283557	4.354645
103283598	4.148498
103283988	0.73874
103284644	-0.529849
103285161	0.608336
103285254	1.298544
103285618	2.091973
103285705	3.742133
103285964	2.837789
103286191	1.223419
103286769	1.455582
103286884	1.489102
103287073	0.849301
103289029	-0.959941
103289554	0.24818
103289743	0.247335
103290258	0.151926
103290581	2.817256
103290829	1.810871
103291177	3.44492
103291318	2.434795
103291541	1.680128
103291575	1.680141
103292250	0.611355
103292435	0.488098
103292490	0.488098
103293397	-1.119977
103294060	0.806328
103294225	0.64608
103294689	0.45288
103294700	-0.267958
103295376	-0.233861
103295470	0.48178
103301630	0.232156
103301737	0.681448
103302153	1.621629
103302253	2.161018
103302259	1.07853
103302704	1.505768
103302846	0.182447
103303098	1.125212
103303359	0.15172
103303944	-0.319971
103304542	-0.639993
103305215	-0.059628
103305324	0.393758
103306223	-0.16758
103306670	2.179804
103306947	1.387554
103307146	2.179216
103307549	1.370394
103307931	1.094906
103308071	0.47589
103308207	0.056557
103308907	-1.039989
103309617	1.415261
103309701	0.655985
103309755	1.49526
103310587	-0.21335
103310927	0.519345
103311182	2.544068
103311561	0.811652
103311673	0.892695
103312301	-1.199987
103314759	0.405471
103315018	0.356787
103315072	0.645051
103316254	-0.154393
103316551	-0.791675
103317355	-0.791933
103317618	0.330493
103317999	1.420839
103318166	0.124729
103318323	-0.757818
103318943	-1.359981
103319681	-0.303148
103320030	1.176574
103320197	-0.20131
103321128	-0.73007
103321557	0.277568
103321791	-1.354127
103322604	0.170581
103322783	0.312799
103322953	0.072657
103323995	-1.587393
103324849	-1.227723
103324850	-1.162641
103325015	-1.298323
103326097	-0.525262
103326112	-0.613095
103327149	1.155626
103327207	1.077769
103327503	1.949918
103327536	1.466162
103327797	-0.029581
103327883	-0.169519
103329088	0.232913
103329111	0.912574
103329311	1.156012
103332490	-0.969238
103332834	0.769281
103333010	0.576096
103333139	0.576201
103335061	0.435327
103335494	0.739541
103335544	0.660187
103335561	0.660991
103336344	-0.625733
103336841	-1.087566
103337394	0.425325
103337685	2.024553
103337860	2.265267
103337946	1.46639
103337971	1.54837
103338532	0.628848
103338768	0.853007
103338853	0.598429
103339144	0.352368
103339675	-0.55999
103340510	1.89749
103340629	2.05959
103340702	1.920449
103340706	1.97193
103340908	2.507955
103341701	-1.039985
103343133	1.193478
103343134	1.227992
103343210	1.145771
103343362	1.292793
103343816	-0.480202
103344382	-1.358939
103346430	-0.691784
103347309	-1.269563
103348467	-0.552952
103349049	-0.057752
103349213	1.347924
103349447	2.319548
103349526	2.322866
103349740	1.154867
103350585	-0.458819
103351396	-0.476788
103353074	-0.780422
103353591	-0.686346
103355489	-0.177415
103355490	-0.177248
103355533	-0.454779
103357253	-0.890848
103357740	-0.674505
103358641	-0.379062
103358838	-0.304768
103359330	-0.671138
103359744	-0.503126
103360830	0.003538
103361105	-0.587061
103361435	-0.359534
103361487	-0.302324
103361697	-0.355404
103361790	-0.195114
103362252	-0.183562
103363446	-0.323588
103363638	-0.252658
103364463	-0.757585
103364762	-0.525151
103365532	-1.295876
103365842	-1.035587
103366543	-0.613359
103368088	-0.755813
103368502	-0.752508
103368598	-1.259729
103369480	-1.427383
103369642	-1.037529
103371426	-1.039971
103373259	-1.515798
103373674	-0.328561
103374154	-0.491867
103375303	-0.399993
103376367	-0.239577
103376474	1.32799
103377005	-0.611246
103377576	-0.559993
103378866	-0.957397
103379765	-1.039989
103380705	-1.128233
103381102	-1.164003
103383589	0.274767
103385474	-1.587542
103387413	-0.124827
103387419	-0.492145
103387641	1.767335
103388441	1.713362
103388565	0.022681
103389013	-0.243813
103389409	0.178484
103389514	-0.594199
103390496	-0.559664
103391275	-0.399996
103392853	-0.108987
103392866	-0.596626
103393912	-0.718421
103394219	-0.153452
103394414	-0.281716
103395103	-0.636458
103395780	-0.879987
103396333	-0.959801
103396923	0.074988
103397014	0.197461
103397289	0.037407
103398374	-0.461012
103399049	-1.039909
103400318	-0.55926
103401255	0.177921
103401583	-0.194734
103401723	0.175573
103403494	-0.871288
103404302	-1.439712
103406112	-0.678685
103406448	-0.248564
103406511	-0.017092
103407342	0.215399
103407428	0.126901
103409547	-0.629939
103411034	0.608993
103411099	0.00305
103412345	-0.155889
103413351	-0.559994
103414175	-0.639993
103415618	-0.863103
103415813	-0.996422
103417116	-0.879991
103417739	-1.541157
103418185	-1.193231
103418957	-0.203368
103419015	-0.215951
103422504	-3.199918
103423326	1.689122
103423493	1.135763
103423549	0.525774
103423667	1.679239
103424193	-0.479942
103426339	-0.396645
103428615	-0.799991
103432974	0.011806
103433346	-0.012029
103434137	0.51097
103434253	0.431346
103436641	-0.399996
103437587	0.207699
103437601	0.220205
103438439	-0.479995
103439425	-0.799991
103440065	0.348679
103440093	0.428678
103443569	-0.559932
103444474	0.916459
103444533	0.834904
103444698	1.010447
103444745	0.151726
103445043	-0.278576
103446115	-0.799015
103448582	1.018068
103448903	1.097384
103449041	1.173351
103450083	0.929206
103450167	1.011783
103450377	0.85282
103453980	-0.718731
103457418	0.60775
103457585	0.763317
103458178	-0.799725
103458825	-0.170076
103458877	0.24059
103459740	-0.793014
103461107	-0.238037
103462038	-0.637261
103462797	0.354524
103463007	1.07158
103463328	-0.013951
103465612	-0.639993
103466749	-0.479948
103468518	-0.399996
103469967	-0.242132
103470193	-0.493675
103471251	0.721867
103471434	1.041906
103471939	-0.319912
103472885	-1.358951
103474768	-0.479995
103475444	-0.559994
103476166	-0.840948
103476566	-0.826345
103478265	-0.582539
103478703	-0.522695
103479279	-0.638564
103480246	-0.632648
103481351	0.358844
103481561	0.264373
103484615	-1.039988
103485780	-0.139296
103486216	0.852664
103486697	1.156048
103486698	-0.223451
103486969	1.415661
103487300	0.848243
103488491	-0.086156
103488986	0.279424
103489603	0.386747
103489983	0.226833
103491724	-0.639993
103492383	-0.95999
103494230	-0.559962
103495532	-0.719992
103496667	-0.145276
103497785	-0.637873
103498455	-0.479994
103500788	1.433123
103500875	1.432613
103501054	1.433877
103502551	0.4588
103502762	0.490466
103503824	1.084769
103504305	0.921124
103506095	0.166459
103506444	0.051964
103507703	-0.239996
103508526	2.569387
103508703	2.623707
103508824	2.329559
103509025	4.340737
103509436	1.582466
103509455	2.12339
103509681	1.236665
103510511	-0.799992
103511114	0.748537
103511330	0.182642
103512451	-0.559418
103513073	-0.559532
103514445	0.087668
103514741	2.465315
103514993	2.110982
103515055	1.421509
103515313	2.053724
103515591	-0.032386
103516811	-0.95999
103518305	-0.559895
103519365	0.821366
103519487	0.911298
103524331	0.35794
103524629	-0.147012
103525350	0.204121
103525508	0.987085
103525931	1.963018
103526428	2.761622
103526531	2.462533
103526674	1.932196
103527068	-0.225208
103529963	0.561553
103530056	-0.24539
103531112	-0.558973
103533821	-0.315746
103534560	-0.318296
103536413	-0.431416
103536901	-0.282856
103537442	-0.319974
103540313	1.212631
103540762	-0.462329
103540780	0.754231
103542201	-0.391049
103545219	0.328341
103545253	1.739307
103545327	2.542826
103545487	4.863904
103545797	5.748674
103545848	3.905391
103546138	4.013492
103546186	3.142438
103546304	1.829903
103547949	-0.008843
103547967	0.071413
103548216	0.032721
103549149	-1.199515
103550006	3.461264
103550075	3.458232
103550096	3.621163
103550248	3.766509
103551376	3.704905
103551603	6.607822
103551759	6.347229
103551818	6.287219
103551909	4.827436
103552068	6.355424
103552430	5.080216
103552709	6.529279
103552813	6.707877
103552830	6.787876
103553053	6.871647
103553090	6.96285
103553543	8.032287
103553665	8.069929
103553916	12.328784
103553926	12.245425
103554019	12.158753
103554108	11.949613
103554113	12.038695
103554261	12.80832
103554340	12.88502
103554350	12.966987
103554522	12.610402
103554722	9.959387
103554733	11.326214
103554910	8.17142
103554975	9.44247
103554992	9.44247
103555233	11.353613
103555252	10.193548
103555417	11.845751
103555612	10.766312
103555619	10.725335
103555676	10.565027
103555803	7.882118
103555821	9.358883
103555992	9.485901
103556316	3.711124
103556462	3.551965
103556861	7.761329
103557077	7.762582
103557192	9.29288
103557219	9.274598
103557251	9.422282
103557311	10.841448
103557463	-0.439291
103557529	9.381019
103557664	7.744347
103557753	5.102621
103558169	1.930932
103558514	4.839824
103558805	3.232048
103558833	-0.094401
103558853	3.037725
103558951	3.233377
103559876	-1.119988
103560745	-1.366396
103561709	-1.199983
103567348	-0.959989
103569283	-0.639946
103572320	0.947639
103572440	1.056542
103572751	2.384078
103572946	1.696255
103573323	2.737329
103573377	4.090779
103573749	4.342102
103573863	2.713256
103573904	1.3312
103575280	0.113104
103575385	0.032741
103577465	-0.799989
103578637	-1.199921
103579691	-0.799992
103580788	-0.559994
103583189	2.052817
103583196	2.052994
103583208	2.049327
103586977	-0.239687
103590864	-0.479995
103593898	-0.478332
103594918	0.77399
103594938	0.940144
103595651	-0.238462
103597032	-0.399955
103602237	2.271262
103603949	-0.396452
103605743	-0.286534
103605916	-0.297809
103606672	1.918509
103606872	2.388283
103606886	3.200547
103607253	2.629648
103607635	1.99875
103607806	0.557227
103608308	-0.319997
103609793	0.315574
103610248	1.839455
103610310	0.315072
103610872	0.315931
103611364	3.188816
103611533	2.284932
103611845	2.702991
103612018	2.797031
103612043	2.162537
103612137	2.209083
103612917	1.606028
103613266	1.195983
103613299	2.088653
103618023	-0.638759
103625183	-0.064246
103625531	1.628715
103625590	0.178167
103626859	-0.957911
103627874	0.128466
103627968	0.128466
103632963	-0.396814
103633815	1.880845
103633894	1.753354
103634220	2.613221
103635183	-0.799328
103640143	-0.558685
103640758	-0.39839
103643128	-0.717004
103647047	-0.093233
103647335	1.120847
103651962	-1.039959
103653976	-0.456678
103654439	-0.624614
103656377	-0.317945
103658651	-1.198123
103666965	-0.399993
103668344	-0.955654
103670544	-1.038717
103675108	-1.500481
103679117	-0.719528
103680984	-0.790432
103683546	-0.267086
103684953	-0.959594
103685471	-1.039537
103687208	-0.799935
103688017	-1.57922
103688439	-1.476854
103689069	0.175977
103689317	1.456352
103689805	1.699139
103690256	2.732206
103690391	1.367086
103690466	1.357033
103690988	-1.470166
103691796	-0.953831
103692157	0.907394
103692343	0.726455
103692900	-0.467104
103693143	0.997779
103693164	0.998785
103695484	-1.019511
103695645	-0.956618
103698786	-0.608227
103699161	-0.447455
103700422	0.064231
103700878	3.151317
103701196	1.690791
103701331	5.927922
103701536	-1.102394
103701760	3.104357
103701777	3.099453
103701818	3.095282
103702145	-0.628803
103703529	-0.799466
103704060	-0.719467
103709386	2.071382
103709571	1.987897
103709663	3.024197
103710105	1.682823
103710183	0.480699
103710930	0.781416
103711052	2.300752
103711434	1.023587
103712337	0.384358
103712589	0.40227
103713346	0.952673
103713359	0.853561
103714182	0.457278
103714494	2.070604
103714500	-0.8377
103714786	2.27012
103715117	2.072182
103715355	0.732682
103715385	0.958308
103719893	0.754771
103719906	0.867822
103720866	2.507703
103720983	2.510283
103721059	2.507703
103722238	-0.559648
103723993	-1.039899
103725334	-0.719903
103725894	-1.119949
103726725	-0.819349
103726773	0.395281
103727018	0.717586
103728010	-0.620158
103729743	-1.837583
103730493	-0.319997
103731282	-0.548603
103731725	2.369441
103731737	2.372539
103731938	-0.164004
103732173	3.592063
103732287	-0.62507
103732568	0.773961
103732866	-0.859051
103733600	-0.959965
103734219	-0.784669
103734725	-0.879957
103736180	0.991016
103736345	-0.464107
103736422	0.974689
103736988	-0.769898
103737028	0.573708
103737051	0.546956
103738108	3.314548
103738232	3.291062
103738243	3.215361
103738355	3.321103
103738972	-0.724584
103738973	-0.614117
103739822	-0.636773
103741596	0.632631
103741940	-0.61878
103741957	2.222644
103742413	2.328031
103742651	0.892643
103744071	-0.548964
103744958	-0.719671
103745756	-1.199969
103746753	0.482162
103747541	-0.254301
103748224	-0.719223
103748797	-0.554773
103748943	-0.553252
103749444	0.715321
103749516	0.797211
103749747	-0.227427
103750268	0.859951
103750316	0.934243
103751133	1.180317
103751251	1.099886
103752302	-0.71996
103753371	0.942624
103753735	0.718446
103754500	2.42196
103754591	2.349312
103754645	2.430172
103756076	-0.399972
103757323	0.567281
103757641	0.813321
103758301	-0.479995
103759091	0.863733
103759189	0.879865
103760250	-0.585392
103760794	0.349972
103761608	1.104941
103761862	-0.057932
103764209	-0.719992
103764993	0.617759
103765156	0.273983
103765916	-1.019267
103766349	1.090863
103767339	-0.639993
103769234	-0.687739
103769304	-0.78109
103769892	-0.639945
103770579	0.704824
103770794	0.773585
103771811	-0.633285
103772252	-0.619474
103773501	-1.119552
103775704	-0.319997
103776867	-0.479405
103777392	-0.719894
103778056	0.145844
103778434	0.217363
103779007	-0.479995
103779972	-0.799992
103780496	1.282012
103780523	1.283498
103780922	3.807724
103781065	1.334638
103781159	1.585775
103783500	-0.474624
103785051	-0.719992
103785845	-1.192428
103785857	0.26989
103786116	4.583535
103786371	3.365716
103786560	3.208265
103786588	3.365716
103788211	-0.319997
103789782	-0.553271
103789810	0.837452
103790186	0.825021
103793659	-0.559994
103794188	0.462894
103794536	3.336814
103794717	1.758219
103794927	1.999989
103796908	0.631496
103797334	0.541782
103799528	2.210017
103799532	2.182546
103799569	2.029386
103800194	-0.87997
103801802	0.726391
103801803	0.727357
103802026	0.10412
103802165	-0.113312
103802242	1.048593
103802314	0.705644
103802579	0.966289
103802824	-0.167322
103803106	-0.440776
103804194	-1.155649
103805443	0.797491
103805799	0.708987
103807720	-0.63996
103809645	0.809963
103809914	0.816089
103812499	-0.879548
103813318	-0.922418
103813594	0.617634
103813881	0.813541
103815289	-0.639993
103816523	-1.199966
103820499	-0.28773
103820886	-0.206012
103821891	-0.239997
103822833	-0.399972
103823731	-0.639966
103825248	-2.479974
103826635	0.423367
103827132	2.128089
103827488	0.974019
103869350	-0.799981
103870060	-0.635424
103872578	1.920333
103872772	2.246917
103872854	2.328588
103876287	1.134344
103876614	0.658519
103877136	-0.959937
103878167	-0.617535
103878488	0.717158
103878877	-0.619196
103879412	-0.71407
103879511	-0.711551
103880451	-0.359297
103880711	-0.227316
103881079	-0.199286
103882206	-0.479994
103885568	-0.954626
103887331	-0.084311
103887561	0.553584
103888985	-0.541262
103889537	0.325323
103889814	1.046922
103890065	2.1553
103890430	1.441019
103890449	1.518689
103890980	-1.799417
103891474	-2.393957
103893082	-0.779311
103893556	0.390522
103895223	0.535978
103895564	0.647142
103896109	0.536444
103896413	1.540076
103896791	0.535959
103897975	-0.474087
103898096	0.921394
103898166	0.922431
103899954	-0.567681
103900090	-0.47941
103900201	-0.453013
103901695	0.806862
103901786	0.885152
103903116	-0.713936
103904170	1.039049
103904241	0.881455
103904755	2.195943
103904822	2.199619
103905034	2.2486
103906113	-0.476806
103907596	0.819525
103908038	0.733311
103908731	-0.553666
103911159	1.220231
103911222	1.299196
103911781	1e-06
103913083	-0.559975
103914440	1.614416
103914638	1.771095
103914820	3.472784
103915310	2.168895
103915618	1.270729
103916045	2.154789
103916454	0.814423
103916717	-0.630972
103919065	-0.559626
103921298	-0.479995
103923021	-0.639966
103923558	0.8188
103923664	0.897771
103925138	0.659982
103925189	2.176236
103925671	0.727821
103926542	0.067143
103926727	-0.017505
103926835	-0.242595
103927573	0.201809
103928047	0.392439
103928148	0.042392
103929829	0.347871
103930220	1.064418
103930245	0.876013
103930511	0.666824
103931306	0.977672
103931363	0.968398
103932070	1.197117
103932556	1.352604
103932975	-0.03659
103933368	0.911095
103933567	0.237509
103934900	-0.319973
103936001	-0.479964
103936648	-0.239977
103937163	-0.590948
103937595	3.217375
103937886	3.370192
103937933	3.290821
103937974	3.368646
103939433	-0.21874
103939520	-0.118566
103942165	0.561261
103942498	1.896966
103942714	0.24345
103942790	1.097845
103942796	0.762791
103944168	-0.477576
103944742	-0.479364
103947118	-0.559984
103950425	-0.399965
103951624	-0.559981
103953389	-0.239148
103954851	-0.399986
103960768	-1.119988
103962532	-0.239989
103963966	0.007278
103964529	0.441503
103973961	0.306768
103974122	-0.249698
103975060	-0.87198
103977700	0.466341
103977938	0.231078
103983974	-0.781916
103984111	-0.521468
103987899	-1.279845
103988899	-0.879988
103997683	-0.795286
103999909	-0.559994
104000498	1.455473
104000922	0.920883
104000973	-0.045553
104001975	-1.021658
104002603	-1.179478
104003148	-0.879774
104003993	-0.074995
104004362	1.513959
104007105	-0.473856
104007996	1.789174
104008477	1.965145
104008631	3.056123
104009113	-0.039239
104010027	-0.239448
104010488	1.799072
104010495	1.788522
104011067	-0.325425
104011241	1.122574
104012075	-0.791477
104013040	0.169251
104013416	1.989394
104013436	2.079869
104013796	2.151456
104014114	0.235235
104014400	-0.048481
104016200	-0.325012
104016781	0.097125
104018033	-1.116427
104020422	-0.350278
104020781	-0.182987
104021230	-1.135791
104022110	0.115614
104022302	0.195655
104022540	0.564073
104023259	-0.288904
104023567	0.962878
104023840	0.644217
104025520	-0.935501
104026547	-0.718982
104027644	-0.479753
104030589	1.221524
104030790	-0.110872
104030792	0.976484
104032264	-0.033424
104032529	-0.121324
104033112	-0.243982
104033129	0.157365
104033138	0.166484
104034985	-0.879833
104036168	-0.719992
104037188	-0.522844
104037388	-0.935682
104039659	-0.067616
104039926	-0.150913
104041293	-0.396197
104042790	-0.046998
104043011	-0.04398
104043257	0.026782
104044529	-0.794212
104045302	-0.712609
104045810	-0.341537
104045814	-0.344721
104046990	-0.395775
104047504	-0.55999
104048353	-1.171946
104049413	-0.317763
104050326	-0.30553
104050510	0.187622
104050980	0.180788
104051132	-0.469663
104052963	-0.239991
104054686	-0.719992
104055722	0.358715
104055748	1.105132
104056210	1.024953
104057121	-0.066732
104057248	0.093458
104057887	-0.559288
104058596	-0.319074
104059542	-0.261532
104059823	-0.079084
104059994	0.001117
104060781	-0.193508
104061266	0.61721
104061351	0.098613
104061762	-0.432959
104062223	-0.437265
104062414	-1.103776
104063071	-1.355856
104064139	-0.636291
104065180	-1.270073
104066049	-0.454666
104066461	0.028433
104066890	0.187125
104067669	-1.030965
104068898	-1.039989
104070866	-0.20258
104071106	-0.46571
104073117	-0.047185
104073201	-0.523014
104073498	0.051186
104077603	-0.611577
104077881	-0.705367
104078732	-0.957079
104079424	-1.199987
104081106	-0.756045
104081371	0.295513
104081608	0.236085
104081708	0.315896
104082349	-0.54477
104082838	-0.257031
104083578	-0.70161
104083867	-0.718295
104085018	-0.217545
104085153	-0.210618
104086484	1.582315
104086486	0.846829
104086578	0.662456
104086787	1.849437
104087081	-0.238279
104087468	0.40801
104089359	-0.439264
104091605	-0.639697
104092281	-0.306532
104092394	-0.198377
104093052	-0.952374
104095330	-0.416153
104095505	-0.465422
104096804	-1.199987
104097604	0.339991
104097732	1.713079
104098605	-0.865256
104099110	-0.959763
104100756	-0.463062
104100987	-0.356882
104101723	-0.799414
104102563	-1.197864
104103198	-0.574462
104103509	-0.678015
104103897	-1.177185
104105279	-0.242492
104105717	-0.155731
104106589	0.816696
104107043	-0.010678
104107655	-0.707538
104107974	-1.107151
104110379	-1.279736
104111414	-0.949579
104111991	-2.629341
104113418	-0.797712
104114297	2.678722
104114394	2.677574
104114742	2.487218
104115199	-0.412451
104117191	-0.470234
104118223	-1.038995
104119587	0.154121
104119757	0.531159
104120041	-0.457166
104120119	-0.366301
104120997	-0.438251
104121107	0.367606
104121482	0.032862
104121576	-0.678248
104122137	-0.33527
104122146	-0.749965
104122401	0.768738
104122715	0.23018
104122784	0.168915
104123619	-0.475422
104126421	-1.278875
104127421	1.391327
104127472	1.378627
104127786	0.03485
104128410	0.142626
104128412	1.470449
104128452	1.481157
104129141	-1.035996
104129786	0.483761
104130189	-0.077405
104130986	-1.519962
104131585	-2.158639
104133376	-0.479995
104134184	-0.145402
104134187	0.05804
104134393	0.521972
104134846	-0.806009
104136263	-0.630847
104137369	-0.6486
104137790	-0.486838
104138126	-0.215754
104139318	0.178611
104139469	0.018746
104139996	1.049366
104140129	0.887867
104140848	-0.595666
104141172	-0.504733
104141533	-0.395975
104142074	-0.878668
104143160	-0.398367
104145066	-0.520011
104145530	3.302174
104145981	-0.149514
104146549	-0.473244
104146707	1.178664
104147401	3.015344
104147553	2.418234
104147681	2.262356
104147759	3.779765
104148865	-1.279201
104149557	-0.756036
104149898	0.490789
104150323	2.01735
104150653	-0.142086
104152375	-0.598798
104152794	0.089834
104152862	1.570055
104153250	2.137718
104153497	-0.236726
104154068	-0.348657
104154500	-0.47675
104155004	-0.799983
104155759	-0.428648
104157164	-0.311675
104157530	-0.368362
104158360	-1.034188
104162948	-0.975633
104163098	-0.153851
104163307	1.529253
104163607	-0.309969
104163967	-0.847492
104164038	-0.848278
104164302	-0.639581
104164726	-0.224429
104164736	-0.144444
104165037	-0.486095
104165147	0.436757
104165326	0.320517
104165717	0.121132
104166119	-0.798865
104168017	-0.959985
104169411	-0.876254
104169826	-0.779368
104170112	-1.071628
104170606	0.417108
104170817	0.235231
104170892	0.495971
104171073	-0.398741
104171123	0.60535
104176679	-2.89747
104177131	-2.535738
104177348	-0.92867
104177445	-1.002746
104177475	-0.999129
104177699	-1.106177
104178045	1.350052
104178265	0.634428
104178267	0.634428
104178315	1.212873
104178384	1.376211
104178393	-0.520066
104179046	-0.131611
104179541	0.155059
104179569	-0.685229
104179961	-1.411383
104180991	1.192899
104181116	-0.321697
104181878	-0.239997
104183894	-0.799983
104184662	-0.710997
104185352	2.192902
104185426	2.231954
104185435	0.565332
104185471	1.015434
104185480	2.19873
104185570	2.352557
104203396	1.305626
104203722	-1.008997
104204409	-1.109602
104205032	0.938876
104205273	0.936735
104205846	-1.098521
104206785	-1.268325
104207278	-1.237049
104207948	3.98628
104208064	1.681689
104208299	4.324341
104208321	4.324334
104208617	2.974233
104209286	-1.039881
104211291	-0.682175
104212131	-0.295335
104212156	0.160098
104212233	0.886402
104212938	1.856139
104212980	2.096966
104213114	2.411108
104213866	-0.588838
104214290	0.378709
104214406	0.06921
104214545	-0.078112
104214616	-0.429062
104215137	0.878133
104215332	0.848785
104215411	0.32043
104215417	0.32043
104215706	0.333129
104216086	-0.504596
104216275	-0.390413
104216536	0.153185
104216658	-0.964254
104216813	-0.580821
104217878	-1.759981
104218810	-1.3472
104219209	-0.858226
104219336	-1.26596
104219997	-0.02678
104220116	-0.106522
104220155	0.701816
104220394	-0.02584
104222107	0.549967
104222316	0.789667
104222364	0.31759
104222582	1.108721
104223071	-0.057372
104223456	0.380111
104223540	1.473204
104223778	-0.642283
104224433	-0.959971
104225160	-0.467867
104225289	0.871558
104225413	1.030182
104226329	-0.559611
104231068	1.704555
104231098	0.041969
104233033	-0.474176
104233949	2.056988
104233989	0.330487
104234064	3.641689
104234227	2.131734
104234786	-0.479995
104235380	-0.001439
104235669	-0.140141
104235813	-0.255548
104236252	-0.020183
104236395	0.472923
104236806	-0.133369
104237340	-0.95999
104238003	-0.879991
104238721	1.031311
104238947	-0.338732
104239201	0.950455
104240255	-0.20487
104240574	-0.250541
104240778	-2.449312
104240987	-4.369042
104241267	-5.925006
104242364	-1.039989
104242990	-1.359985
104244578	-0.036163
104244623	0.323147
104245110	0.817727
104245131	0.403865
104245175	0.328455
104246093	-3.679894
104246975	-0.140565
104247262	-0.35726
104248249	0.137186
104248253	0.136766
104248393	-0.000476
104249776	3.08151
104249957	4.942559
104250101	4.64246
104250113	4.571673
104250184	5.108947
104250324	4.944156
104250412	1.005324
104250722	1.55331
104250830	0.983081
104251154	-0.052402
104252694	0.989017
104252765	1.771302
104252846	1.189057
104253203	1.228914
104253889	-0.471506
104254009	-0.601951
104255718	-0.639993
104257154	-2.159974
104257723	-0.918084
104257925	0.025489
104258396	-0.569998
104259738	-1.359333
104260435	-0.51991
104260451	-0.436276
104261271	-0.877691
104262792	0.693897
104262943	0.558795
104263130	-1.323298
104263783	-1.83998
104266664	-1.022341
104266960	-0.089929
104267174	-0.253719
104267254	-0.796023
104268557	-1.028272
104269915	4.213089
104270062	6.559745
104270134	-0.350656
104270478	3.956308
104270654	1.728855
104270804	0.587443
104270805	4.000139
104271269	1.087536
104271919	0.72684
104272858	1.230811
104273165	1.233657
104273180	3.092908
104274740	-0.539754
104274757	1.329784
104274874	0.917937
104275452	-0.730688
104275745	-1.324994
104276767	-0.929141
104277025	-0.755073
104278788	-0.48893
104279443	-0.771179
104279714	-0.357503
104279946	-0.808638
104280272	-0.624478
104281325	-0.726244
104281586	-0.723094
104281850	-0.252033
104282146	-0.438423
104282381	-0.559421
104282836	0.048333
104282850	-0.031261
104282940	-0.956027
104283048	-1.035309
104283815	0.979696
104284033	-0.565547
104284756	0.526191
104284821	1.35948
104284924	0.635072
104285205	-0.499964
104285338	1.007284
104285994	-0.959824
104288620	-0.718598
104289396	-0.638632
104290492	-0.787992
104291221	-0.793528
104291704	-0.860367
104293598	-1.67998
104295787	-1.11994
104296612	-1.906659
104300525	-0.640176
104300935	-0.702715
104301038	-0.960681
104301711	-0.879976
104303470	-1.82081
104305289	-1.361943
104305732	1.441696
104307329	-1.039985
104308097	-0.896564
104308728	2.218961
104309177	0.589725
104311733	-1.956404
104313569	-0.815792
104313826	-0.415123
104315570	-0.94115
104316042	1.261172
104316177	0.005444
104318751	-0.829275
104319263	-0.639988
104321101	-0.315858
104321201	0.884176
104321352	0.903423
104321849	0.605967
104321904	0.380631
104324373	-1.194686
104324977	-0.638957
104327278	-0.958924
104327365	-0.865564
104329135	0.445809
104330940	-1.182241
104331359	-1.17313
104333731	-0.916159
104333903	-0.969528
104335667	-0.158305
104337172	-0.503481
104338126	-0.87816
104340997	-1.371168
104341235	-1.188452
104347491	-1.434195
104349243	0.619028
104349589	-0.382596
104350590	-0.845264
104352565	-0.719989
104360487	1.154287
104360812	1.234224
104362750	-1.119988
104363467	-1.598978
104367078	-1.119763
104368124	-0.953338
104371457	-0.239237
104371716	0.709508
104372029	-0.474644
104374596	-1.036766
104378012	-1.114682
104382170	-1.212351
104382243	0.350272
104383255	-2.156524
104384192	-1.993177
104384658	-1.026657
104385495	-1.092167
104386158	-0.590801
104386228	1.141617
104386761	-0.114619
104387150	-0.44523
104387875	-0.817293
104388093	-1.532253
104388220	-0.608559
104389054	-1.23859
104391271	-0.144331
104391457	0.044551
104391608	0.12455
104391705	0.146764
104392435	0.342456
104392563	0.195307
104393832	-1.231432
104394209	-0.823963
104395266	-1.390596
104395758	-0.290517
104395888	-0.496081
104397940	-0.799839
104398535	-0.369363
104403612	-2.63982
104404743	-1.012809
104405595	-0.959664
104406152	-1.010811
104406445	-1.645811
104407087	1.106205
104407097	5.056567
104407120	4.421508
104407348	6.704379
104407595	2.829204
104408138	-0.787871
104408721	3.294413
104408815	3.140751
104408962	0.856163
104408993	1.965082
104409119	0.536166
104411033	-1.060288
104411396	3.130822
104411451	3.048228
104411566	1.162318
104411658	2.969035
104411875	3.946514
104412014	1.442535
104412319	-0.557072
104412921	-0.687567
104413137	-0.051547
104413544	-1.267254
104413723	-1.041455
104414295	-0.346916
104414511	0.283339
104414731	0.693872
104414948	0.482646
104416352	-0.239935
104417377	-0.867517
104418239	-0.550084
104419517	1.609002
104419751	1.920943
104419916	1.836093
104419956	-0.03835
104420811	-0.640437
104421641	0.32979
104421829	-0.225926
104422301	3.207931
104422330	2.525661
104422486	1.797069
104422587	3.476021
104423701	1.0705
104423940	3.054487
104423999	1.173412
104424222	2.524575
104424598	0.489811
104424934	-0.787837
104426960	-0.75061
104427421	-0.807738
104430008	-1.199972
104431311	1.933616
104431392	1.85126
104431730	3.345163
104432848	0.837997
104433124	0.955938
104434164	0.861618
104434171	0.862724
104434194	0.796191
104434968	1.17864
104435456	0.806789
104435873	3.877777
104436186	2.540863
104436410	2.662184
104436570	1.570467
104438930	2.001857
104439031	2.164718
104439042	3.662003
104439579	-0.389611
104439751	0.52403
104440120	0.06956
104440634	1.019048
104440962	2.209706
104441091	2.900177
104441246	1.210723
104441452	4.046859
104441655	1.77176
104441874	3.106401
104442657	2.727736
104442875	2.78096
104443078	2.967793
104443608	-1.259639
104443636	0.50709
104444121	4.337214
104444134	4.331876
104444240	3.480429
104444518	1.342976
104444587	2.801236
104444607	4.381369
104446145	2.367365
104446340	2.524521
104446405	2.520272
104446525	1.268427
104447091	-1.039974
104447722	0.496482
104448027	0.048081
104448287	-0.174676
104448452	0.322733
104451118	-1.51985
104452689	-0.063758
104452847	3.594449
104452907	3.594449
104453264	3.59596
104454010	0.904374
104454042	-0.487429
104454861	2.37905
104454930	3.958675
104454988	3.48275
104455234	4.453617
104455451	2.059499
104455835	1.344132
104456171	2.657022
104456400	4.229324
104456427	3.554067
104456684	8.591571
104456810	7.303239
104456837	8.703834
104456937	4.098218
104457146	7.623417
104457398	6.445674
104457622	7.013263
104457819	6.194771
104457900	5.577888
104457944	5.345121
104458763	0.186394
104458769	1.390155
104458807	1.327619
104459002	0.032929
104459035	2.102477
104459343	0.426628
104461143	2.795387
104461303	3.822151
104461410	3.750229
104461422	2.170361
104461487	6.245667
104461503	6.32734
104461666	7.079347
104461923	5.453794
104461978	3.731807
104462012	5.566599
104462158	8.180094
104462296	9.633512
104462383	8.221057
104462605	5.082754
104462721	6.512628
104463139	4.193006
104463292	3.789032
104463380	7.311235
104463570	2.441751
104463646	4.969757
104463761	6.482239
104463828	4.978302
104464316	0.054565
104464969	6.13015
104465047	7.573131
104465218	6.306084
104465345	6.646017
104465371	6.646017
104465921	3.022001
104465966	1.52793
104466120	1.97249
104466190	3.234164
104466281	7.682563
104466572	6.331349
104466726	8.97255
104466768	9.626334
104466785	8.936886
104466901	9.052428
104467041	9.259551
104467267	8.279626
104467808	4.153316
104467970	3.903931
104468281	4.553245
104468749	2.891331
104468944	0.86652
104469061	0.787181
104469753	0.288377
104469824	0.368459
104470347	1.649884
104470654	2.270151
104470668	2.268842
104470698	2.269882
104471054	3.577512
104471337	2.295856
104471710	6.390406
104471839	6.387972
104472007	6.078961
104472071	4.103805
104472224	4.490763
104472724	5.293496
104473153	9.17692
104473181	9.174979
104473256	8.813018
104473354	10.398598
104473391	10.386077
104473566	8.932981
104473592	9.01298
104473722	3.265548
104474597	1.112295
104474749	0.135997
104481437	1.499288
104481456	-0.025014
104481540	5.120144
104481795	5.424031
104481959	1.937855
104482097	3.024826
104483213	2.002248
104483419	5.60994
104483520	6.96057
104483862	4.960164
104483864	4.960164
104483908	6.186093
104484600	1.624663
104484711	2.015446
104485003	2.356227
104485126	3.778562
104485517	-0.628818
104486045	-1.277071
104487286	0.817373
104487361	0.726855
104488117	3.451223
104488164	3.595986
104488188	3.611568
104489517	-0.070798
104489600	2.704012
104489963	2.141721
104490031	0.817604
104490633	-0.975485
104490813	0.202207
104491150	6.088594
104491346	8.207575
104491393	8.266939
104491463	8.285415
104491806	6.037311
104491841	4.059504
104492465	-1.424983
104492594	-0.876055
104493066	0.503553
104493370	1.693261
104493864	1.754682
104494770	2.004724
104495075	5.739099
104495125	7.224796
104495147	5.670404
104495332	7.021039
104495431	1.913958
104495555	7.798204
104496050	1.443309
104498061	-2.607199
104498325	-1.029804
