4	101583199	0.599633	-0.026549335233536524	0.05057706483768748
4	101583686	0.9445049999999999	0.006975613736425138	0.10021160598712572
4	101584022	0.559178	-0.0192847614118671	0.03301829596770538
4	101587400	0.674372	-0.01877515532633398	0.04468622652075318
4	101588462	0.619699	-0.02265469056480615	0.04564928684980749
4	101589996	0.150615	0.05732506661926935	0.039882120232298986
4	101592165	0.522269	-0.021019367224075457	0.032850371958863665
4	101599628	0.677287	-0.02010067170700291	0.04829940512035681
4	101599705	0.432831	-0.044788182790134	0.05710182440107877
4	101603888	0.361921	-0.07742114696858486	0.08491854067212277
4	101606976	0.181315	-0.05318982851411905	0.039791387987853685
4	101626081	0.0767735	-0.06592615011616682	0.03725226807176546
4	101627265	0.36594099999999996	-0.06283330917156911	0.06949798528339612
4	101628549	0.0720457	-0.07020789504349645	0.03902977244859128
4	101629947	0.8893120000000001	-0.007125324942588627	0.05119693764956366
4	101630574	0.896329	-0.0066218763088869695	0.050820193134632645
4	101643975	0.013589500000000001	-0.08632070646652716	0.03497689649640966
4	101645653	0.9975629999999999	0.0001999800026662447	0.06547423410256895
4	101646129	0.985618	0.0008995952428359939	0.049905039960853374
4	101647301	0.423811	-0.06176902639763181	0.07722797731985809
4	101648211	0.8282280000000001	-0.0075282664207915245	0.03469650457807564
4	101648254	0.99454	0.0001999800026662447	0.02922339034198236
4	101648573	0.773938	0.009455158770755197	0.032918690356813995
4	101649292	0.45083199999999995	-0.026857454169882642	0.0356186108679828
4	101649596	0.675016	0.01705375456582762	0.04067450011019681
4	101653210	0.475754	-0.02511270081507533	0.03521385544274873
4	101655619	0.48028999999999994	-0.02490763570618478	0.03528812393002401
4	101656812	0.66869	0.014494446150452511	0.03386975432639377
4	101660673	0.486555	-0.024805118918971115	0.03564985736796795
4	101660721	0.127521	0.05628581101059189	0.03693413902520563
4	101667352	0.217676	-0.059537712716196275	0.048297393624328104
4	101668126	0.842835	-0.012072581234269249	0.06089006353168825
4	101676011	0.609866	0.017446913603720703	0.03419188540666189
4	101676983	0.479825	-0.02490763570618478	0.03525077517976224
4	101681978	0.75941	0.010049335853001438	0.03281355194822904
4	101682171	0.175205	0.049837234847171584	0.03676213867915669
4	101682592	0.49218900000000004	-0.024292692569044587	0.03536922406674296
4	101684643	0.372226	-0.03593810680562915	0.04027529333599466
4	101686626	0.732146	-0.012376271068055405	0.036159140119186986
4	101689979	0.9046540000000001	-0.0039076248310170765	0.032622172033385265
4	101690499	0.279498	0.041429809763139556	0.03830958133973025
4	101690600	0.286508	-0.0915671935254905	0.08591296853518726
4	101692035	0.263785	-0.09640077428635438	0.08626546988198043
4	101693916	0.560666	-0.018877055769689184	0.032443022851359665
4	101695009	0.545954	-0.01959064976500415	0.032443766283443594
4	101696143	0.520412	-0.021019367224075457	0.0327042562857548
4	101701010	0.283497	0.04114194333117521	0.03836090472459471
4	101701686	0.557772	-0.018978966597802856	0.03237880338129383
4	101703123	0.557124	0.02039068964773398	0.034730098365588415
4	101707784	0.560635	0.020292703267762394	0.03487326506415432
4	101708360	0.302886	0.03960525459235942	0.03844184299235363
4	101710146	0.303046	0.03960525459235942	0.03845456608470278
4	101713553	0.800756	-0.009141657917283387	0.03622340507634582
4	101714795	0.301275	0.039701366851552046	0.03840693542738619
4	101716980	0.2792	0.04190940307720956	0.038729042938494655
4	101717044	0.320812	-0.04301189059329105	0.04332423125967986
4	101718345	0.32461100000000004	0.0368139731227164	0.03737358232353081
4	101719184	0.598982	0.01872361399810251	0.03560536176299484
4	101720108	0.755841	0.010247316451549499	0.03295519880768286
4	101720271	0.316886	0.03739211921706269	0.037359333654182134
4	101720855	0.6532100000000001	0.015971769509698665	0.03554754147564951
4	101721369	0.822055	0.0074720148387010564	0.033223328002956486
4	101726406	0.785324	0.008959741371471801	0.032893351638153975
4	101730298	0.658239	-0.019794627328179493	0.04474921597122008
4	101730875	0.582079	-0.02460011686823269	0.04469900057755835
4	101733663	0.35496	0.03440142671733232	0.037190274975400534
4	101733789	0.37343000000000004	0.03304785404620042	0.03712963202621222
4	101734205	0.2377	0.044686517622406094	0.03784571007402797
4	101734221	0.6649470000000001	-0.013997509643853661	0.032319849065156565
4	101735295	0.164617	0.07816402096935429	0.056244848879494797
4	101736918	0.304202	-0.04625338451746204	0.04501703395541586
4	101737834	0.31603400000000004	-0.06678103369035121	0.06660511492524139
4	101738056	0.7135319999999999	-0.021223636451626688	0.057811695044653166
4	101738663	0.935768	0.002596625847265914	0.032220189479914
4	101744818	0.975554	-0.0010005003335835344	0.032649875388749146
4	101753866	0.906416	0.0037927982386962624	0.032262555331284255
4	101756253	0.516523	-0.023370986323240202	0.03602661911469496
4	101756293	0.3684	0.033531483208792345	0.03727897248878239
4	101756340	0.30852399999999996	0.03777736433402992	0.03709758763199533
4	101758180	0.9032680000000001	0.003992021269537457	0.032846920987418364
4	101759756	0.282375	-0.04856019061537703	0.04517229583785218
4	101763532	0.8848520000000001	0.0046889894861314695	0.03237777136365242
4	101771508	0.278483	-0.0718182877904723	0.06626932831824267
4	101771665	0.958267	0.0017983819413793973	0.03436720575586067
4	101775062	0.706593	-0.024087795529089982	0.06398913465296908
4	101780075	0.889333	0.007174203748000453	0.051557987096376934
4	101780105	0.208306	0.044495239886551304	0.03536315833829976
4	101794731	0.016791999999999998	-0.07806965542192262	0.0326483166261927
4	101795989	0.745035	-0.017146158834970514	0.052726099275209784
4	101797638	0.0190778	-0.08066790306745482	0.03441452781203056
4	101798493	0.019605200000000003	-0.08045112439762694	0.034471877818026145
4	101800575	0.019942599999999998	-0.08023439271060595	0.03447344430270369
4	101802483	0.0209546	-0.0795844793428424	0.03447004002434567
4	101804317	0.022135	-0.07893498808814227	0.03449890493445931
4	101804798	0.0134245	-0.08555788836164654	0.034606529088109704
4	101804848	0.0140539	-0.08501337432695673	0.0346162185727283
4	101804916	0.8565649999999999	-0.009545412843531385	0.05281047221419166
4	101804938	0.015180700000000002	-0.07980107020355483	0.03286646621674865
4	101815299	0.160715	-0.04698679122433687	0.03349808666198647
4	101816093	0.16233499999999998	-0.0467771915589289	0.03347776866552546
4	101816779	0.172648	-0.045625178026275554	0.033455811365187924
4	101816990	0.164704	-0.04646287441034086	0.03344039703085942
4	101818379	0.0894112	-0.059537712716196275	0.03505286882587537
4	101825623	0.129378	-0.05045154349609822	0.03326711003483731
4	101829765	0.0912188	-0.05911326449250658	0.03499890434745295
4	101829919	0.0881067	-0.05964385292751493	0.03497208021343138
4	101830119	0.13163	-0.05003093360556493	0.03318349925110452
4	101832251	0.0865074	-0.05996234117268288	0.03498149286721391
4	101834221	0.14804	-0.04824531262799454	0.033353382784953395
4	101835574	0.0820625	-0.06187540371808753	0.03558425197122118
4	101835908	0.15001	-0.048140375327934984	0.03344251759793308
4	101848520	0.71839	0.023618865598634027	0.06549673298049637
4	101848536	0.4702	-0.023473356185642127	0.03250465509529655
4	101848946	0.51653	-0.021019367224075457	0.03240211457925607
4	101849400	0.37836	-0.029943876373072074	0.03399151561884688
4	101852981	0.847858	0.012718772407774612	0.06629464787469279
4	101853807	0.726223	0.023032699110572784	0.06577873736020122
4	101857298	0.601123	-0.016841017196026556	0.03221396272305851
4	101859013	0.8978440000000001	0.009950330853168092	0.07750361300037617
4	101859724	0.53069	-0.020304753340364273	0.03238640082951476
4	101862194	0.47938500000000006	-0.023166278031839585	0.03275348248330535
4	101866266	0.36186599999999997	-0.030974804299430527	0.033970484171366486
4	101869456	0.6929350000000001	0.02829586915484725	0.07165775364271502
4	101870028	0.35542199999999996	-0.03138747324163273	0.033964585881287146
4	101870928	0.6720109999999999	0.027906953253007866	0.06591316935708057
4	101871826	0.614978	0.03333805961051041	0.0662810214213576
4	101872219	0.60985	-0.016434306463424773	0.03220596969952322
4	101872343	0.471336	-0.02357573652870569	0.032730123063178185
4	101874688	0.46352	-0.024087795529089982	0.03285910655020857
4	101874915	0.67008	0.03052920503482279	0.0716583723303003
4	101876016	0.458004	-0.0243951568347216	0.03287147615370989
4	101877578	0.455416	-0.024497631600400235	0.03282033486872687
4	101882879	0.662841	0.028587456851912472	0.06556844673955685
4	101884783	0.330469	-0.033039854078200155	0.033950765532062124
4	101884885	0.579038	-0.017858518301313193	0.03218966422193519
4	101885893	0.326927	-0.03334997968155419	0.03401939975061583
4	101889005	0.33105100000000004	-0.03293650024626485	0.03388531995387036
4	101896910	0.333413	-0.03283315709524021	0.033944424575186156
4	101901350	0.678802	0.0297529581493478	0.07184996073524297
4	101901497	0.682615	0.02936460862990398	0.07181413435924362
4	101902269	0.542658	0.030335199796072885	0.04982797952948796
4	101911071	0.540249	0.03052920503482279	0.04984876819269698
4	101913230	0.335929	0.04755130185822235	0.049417292883999896
4	101914488	0.103173	-0.05657035148839435	0.034712940001543006
4	101918722	0.0817548	-0.1000413541802263	0.057475415848048175
4	101920448	0.38609	-0.038532949716783664	0.04445785035841939
4	101928062	0.443409	-0.02511270081507533	0.03276498571634764
4	101931129	0.190167	-0.042385716496437846	0.03235340350448498
4	101931418	0.327363	0.04802796901058147	0.04903619070730703
4	101932635	0.368279	0.044303925556524314	0.04924290334074942
4	101933233	0.479645	-0.02275698712261618	0.032193854036096405
4	101938678	0.488746	-0.022245608947319737	0.03213268520526936
4	101943336	0.434709	0.05259245011917063	0.06732618057260996
4	101944147	0.8725809999999999	0.009950330853168092	0.06204185248852257
4	101947636	0.203514	-0.04113454335855504	0.032348558646052
4	101958164	0.19162300000000002	-0.04249005162095212	0.032539656234830044
4	101961035	0.330694	-0.12148989758770987	0.12489748217985533
4	101962268	0.337571	0.04707440738592885	0.04908821845437102
4	101966592	0.605431	-0.016841017196026556	0.032599324484072316
4	101967572	0.21521500000000002	-0.04019718975141304	0.03243402594996094
4	101972166	0.334807	0.047360571359837574	0.04910494248179713
4	101977717	0.5487989999999999	0.04190940307720956	0.06990017580564699
4	101978347	0.447999	0.05126329393754151	0.06756236117370577
4	101983333	0.208006	-0.040821994520255166	0.032422406915569316
4	101991002	0.21760300000000002	-0.03998900821636328	0.0324342058636486
4	101993239	0.334491	0.047646653467352994	0.049369273730419
4	101994810	0.204812	-0.041238748016597535	0.032523681011291716
4	102006153	0.118453	0.13479309634153208	0.0863338899264505
4	102014745	0.731058	-0.029737818263956432	0.08651794597617818
4	102016039	0.13038	0.13374387004959568	0.0884195556135692
4	102016837	0.17907	0.11368576440381646	0.08461129244656962
4	102020506	0.138492	0.13076506987955247	0.08826948385531921
4	102022839	0.172802	-0.04646287441034086	0.034082293646351174
4	102023919	0.107981	0.0822249402556695	0.05115608350905925
4	102025235	0.13815	0.10948201061699692	0.07383884941608375
4	102027315	0.11084000000000001	0.08056564783956725	0.05052946982536666
4	102027573	0.902609	-0.004409708488700073	0.0360369793675682
4	102027834	0.455212	-0.038117322113128044	0.05104400704238756
4	102031709	0.368104	0.10607026372706657	0.11785184986589663
4	102032524	0.23750500000000002	-0.03957277511982315	0.033500874571555164
4	102034059	0.306244	0.04353830201448341	0.04255381759886909
4	102037587	0.321479	-0.03272982462291888	0.03301297187678267
4	102039454	0.390127	-0.02870816413674374	0.033405394475310365
4	102040723	0.828652	-0.0072260450917395825	0.03338733117217716
4	102046474	0.233486	-0.03998900821636328	0.03356396013307203
4	102046704	0.48138000000000003	0.08727800810706056	0.12395952162484915
4	102046925	0.353769	-0.03056230558263998	0.032958256927578394
4	102049175	0.30059	-0.03407398033375144	0.03291634583584122
4	102049859	0.29978299999999997	-0.03417745180158651	0.032961220667786985
4	102051987	0.607097	-0.01724789340955339	0.033541745734889
4	102052904	0.948232	0.00209779808214612	0.03231002647038912
4	102054266	0.0297897	0.10921308497331624	0.05026201104763093
4	102055983	0.893806	0.004390348301292854	0.03288900749632157
4	102058221	0.337943	-0.030974804299430527	0.03232476661896248
4	102058747	0.14278	0.06128322841689845	0.04181680665667745
4	102062563	0.9015639999999999	0.0040916179032535575	0.03308072223139479
4	102064693	0.325178	-0.03180031254979782	0.03232156501505883
4	102067031	0.32181	-0.03200679613508645	0.03230577872995169
4	102069982	0.321294	-0.03200679613508645	0.032271348591044316
4	102074106	0.141052	0.06137727967490334	0.041699786146310286
4	102076176	0.296536	-0.07925968098563209	0.07592718980484144
4	102077524	0.976332	-0.0010005003335835344	0.03372345273908986
4	102077710	0.290583	-0.03417745180158651	0.032339178451339025
4	102080284	0.938649	-0.002503130218118477	0.03252169924485275
4	102082601	0.496007	0.08010424424166136	0.11766437764090634
4	102086434	0.905266	0.0038924147153438535	0.032706121737535884
4	102087555	0.9702870000000001	0.001199280575482187	0.032196891289571365
4	102092746	0.983477	-0.0007002451143934259	0.033811948737223894
4	102095704	0.373735	-0.06956446338590916	0.07820634891147982
4	102095721	0.933825	-0.002703651574314823	0.03256102139301223
4	102099647	0.33661199999999997	-0.030974804299430527	0.032235837706921004
4	102100191	0.3373	-0.030974804299430527	0.03228177245481935
4	102101892	0.162652	0.057702710128289154	0.04132817474438104
4	102102806	0.58445	-0.018877055769689184	0.03451670249604546
4	102103278	0.336489	-0.031077955570861397	0.032334956358528316
4	102104310	0.987842	0.0004998750416509929	0.03280368011523573
4	102116093	0.365766	-0.029325829381828733	0.0324245563556583
4	102123054	0.9981530000000001	9.999500033329732e-05	0.04319674914318291
4	102123220	0.196414	0.05354076692802976	0.0414454880275612
4	102125805	0.17665699999999998	0.055907631938296086	0.04137873207870038
4	102126606	0.340859	-0.030768533671636483	0.0323039617820399
4	102131659	0.312172	-0.03272982462291888	0.032384123676744044
4	102144794	0.35623499999999997	0.038451186374252634	0.04167865780221882
4	102148099	0.7999390000000001	0.011928570865273812	0.047069237329259314
4	102154826	0.290143	0.04363403702006128	0.041249487990356284
4	102157460	0.055607000000000004	0.09531017980432493	0.04979365334615284
4	102158688	0.265812	0.045928931888399735	0.04127482845546693
4	102163417	0.22001199999999999	0.051643233151838386	0.042106312807827166
4	102163683	0.21153000000000002	0.05268732227900649	0.04217113276306639
4	102163976	0.21578200000000003	0.0548669014408401	0.04432534983221817
4	102167334	0.08466289999999999	0.08590242900070329	0.049820199117175355
4	102170573	0.67213	0.04879016416943205	0.11528144372848773
4	102170608	0.7298399999999999	0.03998964821615841	0.1157984490012623
4	102170672	0.41001400000000005	0.02955880224154443	0.03587803700742917
4	102172569	0.518936	0.023521195041345866	0.036467738068468286
4	102176847	0.307759	-0.045625178026275554	0.04473339063423799
4	102184528	0.225683	0.04917104400644938	0.040585089806370656
4	102184575	0.28986	-0.04709160753385057	0.04449199417545161
4	102185309	0.46231400000000006	0.04353830201448341	0.05923241150402725
4	102185839	0.289898	-0.04698679122433687	0.04439646171358151
4	102187629	0.289628	-0.04709160753385057	0.044470597802026356
4	102188338	0.10703399999999999	0.062317306064861584	0.03866631943803042
4	102190552	0.32497	-0.04572985170617433	0.046459451338548785
4	102191656	0.00753786	0.095219266580934	0.03563464426635151
4	102192580	0.00486368	-0.10480511436612631	0.03721869738019446
4	102193865	0.564712	0.02479016880721869	0.04304919251387933
4	102196132	0.677553	-0.01562138090295678	0.03756904393446611
4	102200569	0.12488099999999999	0.07045846364856137	0.045913108171831425
4	102204063	0.43100200000000005	0.02693400124008104	0.034202854270035214
4	102204128	0.43247700000000006	0.02683665395355957	0.03418856082359858
4	102204226	0.788958	0.009950330853168092	0.03717471400760233
4	102204332	0.26171500000000003	0.038451186374252634	0.034259629182256834
4	102204616	0.429183	0.027031339051030518	0.034191328508971185
4	102211887	0.24747399999999997	0.03854740961223883	0.03333090315960154
4	102213609	0.214133	0.054488185284069776	0.04386141043398542
4	102216420	0.956168	0.0031948908965192886	0.05812810811012521
4	102216722	0.36744899999999997	-0.029222858676903284	0.03242437456206363
4	102216784	0.367651	-0.029222858676903284	0.03243804944152663
4	102216820	0.090307	-0.06219460359311778	0.03671939984111687
4	102223733	0.6542789999999999	0.01705375456582762	0.038081233112904865
4	102230281	0.171923	0.14660801963609024	0.10732251908830585
4	102230399	0.82081	0.008860628432196467	0.03911920395724616
4	102230603	0.817887	0.009058844488346146	0.039341204346066576
4	102231131	0.7789189999999999	0.011038847115216448	0.03932221054193876
4	102232552	0.517943	-0.021019367224075457	0.032511577139585336
4	102232847	0.81447	0.009257021262676848	0.039448083551261406
4	102232973	0.488493	-0.02255240447051149	0.032556883898683574
4	102233529	0.5370520000000001	-0.019896631714456645	0.03223290357046275
4	102246893	0.502537	-0.02163230012711384	0.0322627792442235
4	102252592	0.543938	-0.01959064976500415	0.03228152524531022
4	102253039	0.7959930000000001	0.010148331051815136	0.03925301453452705
4	102253662	0.554953	-0.018978966597802856	0.032148423030927624
4	102255613	0.791466	0.010346292054144267	0.03913011340209116
4	102255914	0.2876	-0.04228139225660614	0.0397605230977561
4	102258631	0.288285	-0.04228139225660614	0.03981705959655346
4	102258992	0.718204	-0.0116678048676821	0.032333315530076914
4	102259956	0.7885770000000001	0.010544213875671097	0.03932076607247997
4	102262061	0.740362	0.01291622526654623	0.038977786996260914
4	102262353	0.620242	0.018232768261059684	0.036796157378767375
4	102262374	0.7361479999999999	0.0132123314721349	0.03921053146697711
4	102262778	0.7348439999999999	0.0132123314721349	0.03901021295203725
4	102262932	0.727725	0.013607003406216947	0.039083359001392676
4	102267879	0.0123231	-0.22564668153232822	0.09015933600573679
4	102268971	0.645252	0.017545179215748864	0.03811119349316953
4	102269072	0.19457	-0.04186420409869887	0.03227329551332376
4	102269329	0.38672399999999996	0.029850021968885292	0.034485824848442
4	102270290	0.395077	0.02936460862990398	0.0345284686184331
4	102270630	0.651403	0.01715205881756566	0.03796265654362943
4	102271736	0.0814839	-0.09970984414901193	0.05723410739496302
4	102279420	0.490975	-0.02378052866540339	0.034526636916099626
4	102280664	0.9756879999999999	0.0009995003330834232	0.03279707379901041
4	102282696	0.976366	0.0009995003330834232	0.03373822659663199
4	102283969	0.989776	0.0004998750416509929	0.03900935671312001
4	102284489	0.34723699999999996	-0.039676817152898426	0.04221108172929833
4	102284612	0.6025020000000001	0.02868463385990886	0.05507739917078595
4	102284933	0.887067	0.004788516731797094	0.033718039090147804
4	102285398	0.803682	0.009554212804811711	0.03843442731720217
4	102287475	0.717461	0.019998686506689123	0.05526725258782953
4	102287546	0.7677229999999999	0.011533235813673085	0.03904877476490853
4	102291273	0.6055659999999999	0.01764343517259528	0.03416535942210162
4	102291299	0.600837	0.017839918128331016	0.03409788253993043
4	102291355	0.784597	0.010445257861538604	0.03821435907599721
4	102291707	0.6013189999999999	0.017839918128331016	0.0341430792102078
4	102292085	0.748001	0.012620031356102198	0.03928092603265341
4	102296823	0.805531	0.008364916331627672	0.03397674113146241
4	102299244	0.915602	0.0040916179032535575	0.03860918872664965
4	102303377	0.873705	0.006776984279023669	0.042634837887887064
4	102305916	0.7839079999999999	-0.009444458827999689	0.03443993887798501
4	102307388	0.745722	-0.011263192278710714	0.03473234860318257
4	102312050	0.662239	0.014593002302900086	0.033407053323674704
4	102317305	0.638166	-0.016841017196026556	0.03581179173155451
4	102321944	0.8574649999999999	0.005982071677547469	0.03330736971951333
4	102323519	0.790979	0.012027380212718455	0.04537956897581432
4	102323888	0.9956079999999999	0.0003999200213268914	0.07265218559928908
4	102328727	0.8678809999999999	-0.005615738785635745	0.03375843994562906
4	102334535	0.733494	-0.017451393613755858	0.05125505162086557
4	102344186	0.748133	-0.011263192278710714	0.035076666898087396
4	102347842	0.801425	-0.008738065943285299	0.03474334309911729
4	102348913	0.626375	0.019900661706336174	0.040877600057214296
4	102354683	0.885444	0.005186526687300154	0.03599966856269444
4	102356127	0.803618	-0.008637193395663588	0.03473390701010427
4	102359472	0.893856	0.004489905272852001	0.03365074774541551
4	102360733	0.950823	0.0021975835434872013	0.03563265480339124
4	102362221	0.8559969999999999	-0.006420567802922695	0.035380460284807354
4	102363708	0.811317	0.0135083500247923	0.056584842375870754
4	102364548	0.9812120000000001	-0.0008003201707691552	0.03398467590362213
4	102370161	0.9534969999999999	-0.0019018072895963312	0.03261215515952098
4	102371093	0.8036439999999999	0.00876150566857267	0.03523858342188782
4	102373068	0.899059	-0.004510155477886019	0.035554986515393565
4	102386392	0.8965690000000001	-0.004610612557683294	0.035467137812987576
4	102386914	0.8977459999999999	-0.004510155477886019	0.03509596727344816
4	102387750	0.882346	-0.005213567052887434	0.035227779128423536
4	102395097	0.9649459999999999	0.0014988761237359487	0.03410581551824419
4	102401796	0.997641	-0.00010000500033334732	0.03382464159417716
4	102403692	0.794007	0.009157937784765724	0.03507298397825401
4	102405992	0.857332	0.006280237957150456	0.03493456855849156
4	102406346	0.806493	0.008662373078652587	0.03536344174267921
4	102406379	0.814362	-0.007830579115188564	0.03334963615697688
4	102408333	0.97167	0.001199280575482187	0.03376937346154954
4	102411853	0.975406	0.0010993954433010642	0.03566120680809932
4	102411982	0.972979	0.001199280575482187	0.03540596236014622
4	102414404	0.8518530000000001	0.0064789660977090735	0.03469239380770271
4	102416528	0.847035	0.006776984279023669	0.03513157997656439
4	102416703	0.7791680000000001	-0.00964637705180545	0.034401778863719465
4	102418518	0.728309	0.012323749688831903	0.035476706047470295
4	102419353	0.967139	-0.0014009809156281003	0.03400702757200584
4	102421976	0.775335	-0.009848336054814406	0.03450670670158709
4	102422205	0.9308770000000001	0.002995508979798371	0.03453375235645938
4	102423265	0.965465	-0.0015011261262670914	0.03467066033079751
4	102426152	0.966824	0.0015987213636970735	0.03843825100898479
4	102427892	0.499683	-0.024497631600400235	0.0362933998526604
4	102428583	0.30889099999999997	0.03295110013968598	0.032382724798954834
4	102431553	0.7477010000000001	-0.017756721589258985	0.0552012845218331
4	102438587	0.592649	-0.02245012883759187	0.041962760399589315
4	102439673	0.46567600000000003	-0.023985362750511312	0.032877716921531325
4	102441095	0.646201	0.015282623531156982	0.033292126168333686
4	102444375	0.533091	-0.02275698712261618	0.036510809077291845
4	102448323	0.852514	-0.0075282664207915245	0.040493772394718755
4	102449732	0.42225	-0.09783336034876307	0.12190710692486575
4	102452129	0.8760540000000001	-0.008738065943285299	0.05602280115861366
4	102454146	0.581907	-0.019488676583862413	0.0353952591101505
4	102455808	0.6668029999999999	-0.017451393613755858	0.04053374951925658
4	102456419	0.26463600000000004	0.03623549258209536	0.03248361812092528
4	102457709	0.44526099999999996	-0.025010163004167762	0.03276414453596677
4	102461261	0.674571	-0.02326862693935433	0.055416943426942596
4	102463292	0.801499	-0.014098924379501648	0.05607994718326082
4	102467284	0.621798	-0.02460011686823269	0.04986809515201444
4	102468252	0.678022	-0.014707628872274288	0.03542608727633527
4	102471709	0.0207635	0.08111905128479203	0.03508218830501005
4	102475176	0.00046525900000000004	0.12786537099789588	0.03653296817732734
4	102475857	0.018080799999999998	0.0826853666186079	0.034977491985477255
4	102493018	7.429630000000001e-07	0.1635633838653657	0.03304455695198545
4	102497800	8.20713e-07	0.1626289234482186	0.03298509239544154
4	102511817	1.7681e-06	0.15657630704209666	0.032768410402288346
4	102513096	7.1717900000000005e-09	0.19235439249432926	0.03323990436847442
4	102522412	3.61445e-07	0.16686945223503297	0.03279526817661403
4	102523541	2.96906e-07	0.16805358499624976	0.03278838139456856
4	102524958	8.526869999999999e-08	-0.17685651736289631	0.03302267131310439
4	102527425	2.76888e-09	0.1983589344915787	0.03336710714635159
4	102529010	4.656369999999999e-09	0.19474407679251185	0.03323839770226886
4	102529220	4.77644e-09	0.19457945418945674	0.033234293840739816
4	102532823	5.8553300000000005e-08	-0.17769228841029233	0.032765429173899345
4	102534190	0.0878411	-0.1459510554843043	0.08550662996236257
4	102536261	6.20338e-07	0.16194876698601748	0.03248867821705472
4	102536428	6.15704e-07	0.16194876698601748	0.03247923290710803
4	102537668	6.14925e-07	0.16194876698601748	0.03247763891793969
4	102540402	0.038819400000000004	-0.16522847936777718	0.0799713401153963
4	102541850	1.0829600000000002e-08	0.19095088349200903	0.0333993926539351
4	102544455	7.60463e-09	0.19202433225533982	0.03323948077535369
4	102545592	1.3263200000000002e-08	0.18896609951262316	0.03325322933368873
4	102547361	3.3331199999999993e-08	-0.18152187662339034	0.032866699588470626
4	102554287	3.5238300000000004e-06	0.1516045841318941	0.03268991732883592
4	102557546	0.567272	0.02479016880721869	0.04333386742889835
4	102559293	0.059722500000000005	-0.12081262021674795	0.0641652137820924
4	102560194	8.174899999999999e-07	0.16058706464794842	0.03256587727022291
4	102560404	1.88144e-08	0.18614756162748355	0.03310723841173004
4	102565540	6.81365e-06	-0.15700474881016474	0.0348943783846941
4	102568446	1.51797e-08	0.18639657594709377	0.032935050580976725
4	102570567	1.5369e-08	0.18631357806349216	0.0329327649412686
4	102575280	0.0918603	0.0944916630927176	0.056056008117580124
4	102576410	0.10134	-0.140412153716745	0.08570120919632948
4	102576628	4.62393e-07	0.16373319198260172	0.03247840191411683
4	102577298	3.5340100000000003e-09	0.19507324071911783	0.03303723584766561
4	102582667	4.62847e-07	0.16373319198260172	0.032479611677284644
4	102584804	0.180874	-0.1408725588814155	0.1052805024418307
4	102585287	8.8093e-09	0.1886349188505467	0.03279356406923263
4	102589957	8.78696e-09	0.1887177242991925	0.032805512147454446
4	102590231	0.641795	-0.07850222815495753	0.1687528408846583
4	102594156	1.8290299999999998e-07	0.17772768778372708	0.03407405517776091
4	102597148	6.597150000000001e-07	0.1677999602749342	0.03374313382258689
4	102597322	0.6452899999999999	-0.07774534862485291	0.16889590089113518
4	102598330	2.5494e-05	0.13950103877755743	0.03313263753391108
4	102605911	0.0062974	0.12319061055519832	0.0450937059150987
4	102615104	0.020331099999999998	-0.13685118274919714	0.05898298273258146
4	102615256	3.01558e-07	0.17580033980368906	0.034319442867963436
4	102615513	0.039769099999999995	-0.16558244078967815	0.0805307540397483
4	102616285	2.7085e-07	0.17462535015948433	0.033956113751682025
4	102620848	0.441171	-0.051082790229316055	0.06632256877420899
4	102621044	0.07457219999999999	0.06980587424396294	0.03914889633928166
4	102624096	7.64192e-08	0.1828214318356056	0.03401085330265496
4	102624330	8.9285e-08	0.18215487623685564	0.034064948619530785
4	102630446	8.21082e-10	-0.19893886261739238	0.03239625838899478
4	102631552	8.305429999999999e-10	-0.1988168593231521	0.032385988961291697
4	102631656	9.080980000000001e-10	-0.199304961834368	0.0325407619605214
4	102631701	0.07269010000000001	-0.15723877642649142	0.0876093525466626
4	102631896	2.0433900000000003e-09	-0.1946775790035387	0.03247700955518559
4	102632386	1.04689e-09	-0.19784136845199146	0.03242189142996832
4	102632508	1.0524600000000001e-09	-0.19771949897405133	0.03240642302643094
4	102632803	0.072073	-0.15758992057477098	0.08761534055056043
4	102634835	1.6925399999999998e-09	-0.19540679634261007	0.032433406296901834
4	102635159	1.07102e-09	-0.1975976443464711	0.03240129046292123
4	102635704	2.11291e-09	-0.19419172936444204	0.03242538335269318
4	102635920	1.09208e-09	-0.197475804565632	0.032397855177029256
4	102636035	9.656060000000001e-10	-0.19820706602417812	0.03241328874682107
4	102636062	8.96253e-10	-0.19857289738000508	0.03241017605437746
4	102637574	0.16181199999999998	0.07584931228343783	0.054216679447322086
4	102640552	5.73847e-08	-0.17614069771887347	0.03245777321495248
4	102646191	1.7085699999999998e-07	-0.17150031816237127	0.032800825698820216
4	102653910	7.1267200000000004e-06	0.14479274490154048	0.032248772785767585
4	102657480	2.9604700000000003e-07	-0.16699954069617	0.03257926073239899
4	102659631	6.779760000000001e-06	0.14505227169913884	0.03223034222737499
4	102665820	2.8255500000000003e-07	-0.1672359193759138	0.032569588196116765
4	102685515	0.000135181	0.12830526015292387	0.033615720635773304
4	102686096	0.000156194	0.12689693318835088	0.03356165821164469
4	102686478	0.000157098	0.12680884686369584	0.03355111060264139
4	102686649	0.00016332600000000001	0.1265445413249562	0.033567258999419744
4	102688636	0.000170013	0.1262801659103298	0.033586460607402384
4	102690688	1.49501e-05	-0.14052723513697674	0.032458657325339924
4	102696866	9.681139999999999e-05	0.1263682988148067	0.03241503190674397
4	102705366	0.22731300000000002	0.21357794644450875	0.17690406531708808
4	102706811	4.48764e-05	0.13688825206212168	0.03354427066409674
4	102711573	0.226807	0.21382022385332558	0.17691198519782927
4	102711806	0.000116658	0.12962376779350562	0.03364190452261436
4	102711852	0.219171	0.2171254789886467	0.17670644575665354
4	102714026	4.6708999999999996e-05	0.13592851722424407	0.03338526931034182
4	102719601	0.0229269	0.07973496801885352	0.03505372170958915
4	102725890	0.0007099789999999999	0.12230612438396812	0.03612436324461371
4	102730805	3.6789099999999996e-05	0.1354919694371567	0.03283243496555298
4	102735220	0.00329382	0.10984046567953226	0.03737471830899174
4	102752750	0.167821	-0.10624979984271042	0.0770350755406405
4	102757960	5.9682299999999996e-05	0.13741135582296024	0.03423248253657091
4	102763796	2.7725e-05	0.13557929424182294	0.032347092087816436
4	102764314	1.24815e-05	0.1413259360904349	0.03234741041281215
4	102766051	2.79619e-05	0.1354919694371567	0.03234115321706815
4	102779721	1.30516e-05	0.14106544027860282	0.03236011303135778
4	102788506	1.26824e-05	0.1413259360904349	0.03237326146066105
4	102789773	1.2451500000000001e-05	0.1414127529503236	0.03236338837585984
4	102790277	4.53902e-06	0.14842000511827322	0.03237050099918877
4	102791432	1.24199e-05	0.1414127529503236	0.03235927893874359
4	102792202	4.47961e-06	0.14850620829922395	0.032369872959826004
4	102794659	2.9493099999999997e-06	0.1523776804208826	0.032598906768309566
4	102798584	4.62915e-06	0.14833379450569342	0.03238072334442475
4	102801081	4.68908e-06	0.14833379450569342	0.03239975292231324
4	102806853	5.70749e-06	0.14729868702087964	0.03246648945002112
4	102809336	4.71693e-06	0.14816135098052047	0.03237084839360034
4	102811709	0.00111471	0.10966125420951839	0.033639965444356844
4	102812443	4.6848599999999996e-06	0.14824757646020312	0.03237958849446387
4	102813062	0.07849760000000001	0.078903597595466	0.04484507729510165
4	102813568	4.6654400000000005e-06	0.14824757646020312	0.03237344402683681
4	102815188	0.00378389	0.11001964503854951	0.03799496246234027
4	102817075	4.1471600000000005e-06	0.14910942258784107	0.032387860104517635
4	102825596	0.372736	0.0437297628613252	0.049059590401136284
4	102826384	0.0736118	0.0801965419942766	0.04482711157770376
4	102827067	0.00250805	0.1215979717474875	0.04023267528761396
4	102830094	1.25351e-05	0.1413259360904349	0.0323543420217879
4	102839637	0.564282	0.029267497680568143	0.05076817530122694
4	102843999	0.24086100000000002	-0.03957277511982315	0.03374105710697947
4	102846182	1.1116099999999998e-05	0.14219376570317532	0.03235912660929729
4	102854547	3.62244e-06	0.14997052657629503	0.0323774315590618
4	102863894	0.000881453	-0.11026139425753734	0.03315271867572931
4	102864700	8.831219999999999e-06	0.14375396364469623	0.03234806441669143
4	102867054	8.62986e-06	0.14392716880664302	0.032350953108103014
4	102868625	0.0579158	0.08498432390499729	0.044815044358687474
4	102876177	2.73966e-06	0.15194825627205816	0.03240228105363215
4	102884286	8.00659e-06	0.14453315073229833	0.032370191239825256
4	102928601	1.4878e-06	0.15614868248993138	0.03244400251021497
4	102938648	4.295e-06	0.14902327139243998	0.032420528473363804
4	102948934	0.12559	0.09166718852582387	0.05984567286019273
4	102974407	5.04661e-06	0.14850620829922395	0.03254687535250878
4	102979044	4.08159e-06	0.14936783165082343	0.032420635872920794
4	102982052	0.126177	0.09157594348720954	0.0598788859186953
4	102983013	4.2797e-06	0.14902327139243998	0.03241528283945899
4	102984956	1.4176e-06	0.15649079675943306	0.032450044369056075
4	102986881	1.30138e-06	0.15691827507141873	0.03242419241678175
4	102987574	1.03083e-06	0.15888232506019173	0.03252013605763117
4	102990002	4.1073000000000005e-06	0.14979836508839456	0.032523305884641356
4	102990624	3.6968099999999998e-06	0.14988444953729202	0.03238827359052712
4	102991926	3.863130000000001e-06	0.14954006726957506	0.03237769804511104
4	102992104	0.031016000000000002	-0.34955747616986843	0.16206720961214302
4	102995297	3.8115e-06	0.14962617395581243	0.032376772074409976
4	102995560	0.526626	0.03198304585305074	0.05051298423342091
4	102997908	0.00236645	0.12026883239094462	0.03956322335796149
4	103000141	3.30274e-06	0.15040080066752531	0.032337063797162086
4	103000787	0.019573	0.23657297162587046	0.10134060578305487
4	103002401	3.29899e-06	0.15040080066752531	0.032335435204053437
4	103006890	0.000539591	0.11627078166538649	0.03360144166605105
4	103009354	3.28633e-06	0.15040080066752531	0.032329925145406765
4	103010149	1.10636e-06	0.15768727583559378	0.0323679463579202
4	103010913	1.16595e-06	0.1574310079488285	0.03238429610346607
4	103014844	0.000545921	0.1161817542894096	0.03360622368918997
4	103015491	0.000542602	0.11627078166538649	0.03361600013123288
4	103016438	3.14502e-06	0.1507448866924255	0.03234095477894732
4	103016776	9.82464e-07	0.15854102812855117	0.032387575712259274
4	103016817	3.26318e-06	0.1505728584793744	0.032356775227373874
4	103021008	0.000355489	0.11955923505763925	0.03347969268200725
4	103021341	0.000360939	0.1193817570200805	0.03346735393283351
4	103021557	0.00256652	0.1193817570200805	0.03959086443820373
4	103023585	0.000473774	0.11698271548561441	0.03346989742100447
4	103029268	3.5749199999999996e-06	0.1505728584793744	0.03248830449966315
4	103030467	3.58824e-06	0.14997052657629503	0.032363715403233205
4	103032232	0.0678938	0.08250122151174377	0.04518854292938283
4	103033694	0.000470835	0.11707167158583763	0.033479443573859
4	103035799	3.5915499999999995e-06	0.1502287132466909	0.03242076696661633
4	103039611	4.43006e-06	0.1489371127743709	0.03244737353163013
4	103041375	3.54356e-06	0.15040080066752531	0.03243842534473907
4	103043372	0.1118	0.07575661239924632	0.047641041069715624
4	103052965	0.00946664	0.08489246701796262	0.03271731679615046
4	103056543	0.00994418	0.08489246701796262	0.032932594666843035
4	103056781	0.010126799999999998	0.08434114843375096	0.032798816290247376
4	103059890	0.131679	-0.11149037603336324	0.07395645290424922
4	103066742	0.00118151	0.10571045442211416	0.03259342022975023
4	103079341	0.361718	0.03873982831593065	0.04247339477709015
4	103079765	0.9289219999999999	-0.004811556997222082	0.05394048736781192
4	103080818	0.42253	0.03169244673248973	0.03951481098472228
4	103081991	0.560257	0.023228126119207243	0.03987936235945739
4	103083205	0.5226810000000001	0.0253753063312283	0.03969740959424478
4	103085948	0.46937799999999996	0.02868463385990886	0.03964750866306162
4	103086839	0.261781	0.04650183365141986	0.04143840968725778
4	103089910	0.446675	0.03130484982841253	0.04113808794203916
4	103092957	0.445887	0.03140176313953164	0.04119399076212853
4	103095043	0.540791	0.025277807184268607	0.041329452013481816
4	103096148	0.703344	-0.04196848482250158	0.11020837007507464
4	103096876	0.377076	0.038836023785198216	0.0439671345977218
4	103099265	0.15052000000000001	0.050693114315518165	0.035259939170033436
4	103099624	0.011822299999999999	0.08305355513528566	0.03299173959481071
4	103100953	0.0194161	0.09276148008131108	0.039685003273892
4	103105390	0.019474	0.09267033484130814	0.039664900687662
4	103106487	0.451104	0.03091710263472161	0.04102719858032959
4	103109635	0.0143452	0.08075014968510907	0.032979421716784495
4	103110283	0.019580700000000003	0.09230567078402614	0.039543411564190736
4	103111107	0.019942599999999998	0.09203208544649372	0.039542431425195826
4	103116231	0.0147111	0.0801965419942766	0.032875329460067014
4	103118502	0.0223049	0.09011488944226033	0.039435254647494866
4	103118769	0.0216639	0.09029763798078061	0.0393246496499957
4	103121854	0.442892	0.03140176313953164	0.04092401175944755
4	103124941	0.28147	-0.14966077455440627	0.138957828652254
4	103127196	0.448809	0.03091710263472161	0.04081993269432653
4	103133529	0.0148001	0.08001193796938463	0.03282899348789711
4	103138385	0.0220998	0.09029763798078061	0.03945457293213491
4	103141914	0.012295799999999999	0.0820407103362094	0.03276989024292194
4	103144892	0.012252200000000001	0.0824091362407178	0.03290053667677669
4	103145304	0.0219259	0.09038899972768075	0.03944277502501457
4	103158267	0.012696899999999999	0.08176430180263958	0.03280861488857764
4	103160551	0.449849	0.03101405352916954	0.041041969719919316
4	103162421	0.0195447	0.0769610411361284	0.03296010631427842
4	103177448	0.368644	0.0368139731227164	0.040949173861699995
4	103177953	0.015470699999999999	0.07991962317587344	0.033008698003849264
4	103179830	0.0161832	0.078903597595466	0.03281145694448129
4	103182352	0.013832800000000001	0.08065790301745454	0.03276677039267498
4	103182740	0.023321400000000003	0.08947500642760267	0.03944883286928168
4	103183082	0.46734799999999993	0.029850021968885292	0.04107043146064434
4	103185886	0.023250200000000002	0.08947500642760267	0.03942849281307593
4	103186498	0.023230599999999997	0.08947500642760267	0.039422887781142876
4	103193140	0.0163074	0.07881118042428985	0.03281116799607658
4	103196034	0.0228294	0.08984070399978954	0.039468254683233873
4	103198884	0.00998368	0.08443305597482938	0.032771794484834686
4	103198962	0.335025	0.03893221000178754	0.04038436139249957
4	103199840	0.00981953	0.0847087279269542	0.03280587749376893
4	103206629	0.47779099999999997	0.02887895955037677	0.040682616778696105
4	103208629	0.0100053	0.08443305597482938	0.03278131131894212
4	103213689	0.49107700000000004	-0.02963480512969074	0.0430365094792957
4	103215106	0.514841	-0.02767956910674239	0.0424977566666647
4	103216212	0.502206	-0.02850236047271215	0.04247599357519836
4	103216633	0.013942500000000002	0.0808423878441008	0.032879581097819056
4	103218972	0.0140619	0.08075014968510907	0.03288303346149192
4	103219691	0.00116066	-0.11160217658130236	0.03435630440143852
4	103220917	0.000365217	0.13636487452051635	0.0382615260400045
4	103244560	0.000370769	0.13627761829254775	0.038279576550102806
4	103246860	0.0114573	0.08388148398070203	0.033175286374755204
4	103248669	0.000651976	0.13032626167557426	0.03822987418271977
4	103249735	0.0178526	0.07871875471139075	0.03323343818761422
4	103249916	0.000664535	0.1301506844650451	0.03823679035379933
4	103257889	0.000675105	0.1298872608344223	0.03820781443073218
4	103260721	0.026325099999999997	0.07362213987061371	0.033142494308909545
4	103264278	0.47393199999999996	-0.03190354901300828	0.0445520484806785
4	103271946	0.397951	-0.038117322113128044	0.04509397755816586
4	103272607	0.493861	-0.030459207484708574	0.04451923694846217
4	103273172	0.42108599999999996	-0.03635282946579827	0.04518469412683159
4	103279072	0.440924	-0.03479850554269554	0.04515569385757715
4	103288129	0.5074960000000001	-0.029428810690812168	0.044404646394012585
4	103293133	0.4162	-0.03676772419221461	0.045223000998015433
4	103293459	0.027763799999999998	0.07325046173959274	0.033286468084566485
4	103294929	0.00116438	0.12451587469756761	0.038342484426032504
4	103299237	0.0249523	0.07436508195530674	0.033167005123186495
4	103301425	0.0011775	0.12451587469756761	0.038380184890811915
4	103314223	0.00225675	0.11751633342783901	0.03847718537135055
4	103319098	0.110286	-0.06977889460791659	0.04369622559259108
4	103320110	0.0624386	0.0622233431801319	0.03339652421054628
4	103321833	0.0640443	0.06147132208810096	0.03319416456537816
4	103329167	0.0751452	0.058268908123975824	0.032743121265704646
4	103329255	0.18665199999999998	-0.06731570728486712	0.05097557133358638
4	103329565	0.0751648	0.058268908123975824	0.03274532310017764
4	103329997	0.0755642	0.058174564051072235	0.0327370625889723
4	103337239	0.00701902	0.09476457644442288	0.03515084102012377
4	103339568	0.652342	-0.03200679613508645	0.07104553214181658
4	103346017	0.188398	-0.06720874969344999	0.05109637472352934
4	103349321	0.184173	-0.06795769318322709	0.051172366047761125
4	103350112	0.112452	-0.08175250187225909	0.05150517183254917
4	103350762	0.10280299999999999	-0.08457797647529774	0.0518433568966005
4	103357631	0.22039	-0.06336587562181978	0.05170648932430342
4	103358789	0.00182523	0.11707167158583763	0.03755561287121994
4	103360989	0.216265	-0.06400532997591243	0.051762432575465714
4	103362876	0.219824	-0.06357898164287133	0.05181676927826152
4	103363767	0.119494	0.051168286574399424	0.03286547293661575
4	103367463	0.0825277	0.05694728044175011	0.03279987110039826
4	103372441	0.158176	0.0486949215387586	0.034505238031168804
4	103373632	0.8227549999999999	0.015184135325040055	0.06778542267528871
4	103374630	0.106502	0.052971884766105724	0.032817867046646625
4	103379778	0.07264830000000001	0.05892906752928747	0.03282894420249309
4	103382361	0.900646	-0.008939841569474296	0.0716073366438243
4	103386940	0.13734200000000002	-0.07731310310267026	0.05203598318483016
4	103399944	0.00253369	0.11189909249740881	0.037061409235761615
4	103407978	0.138945	-0.07688104433595762	0.051956088485446465
4	103414510	0.08698810000000001	0.055907631938296086	0.032665789599925325
4	103416015	0.269706	-0.0467771915589289	0.042380630891969126
4	103426334	0.155576	-0.07375418858866198	0.05193558903961297
4	103441593	0.16083599999999998	0.046692727991982354	0.03329806686111183
4	103446967	0.00725835	0.10011679133477261	0.03729088083723064
4	103450628	0.957189	0.004290781417156246	0.07993050122316937
4	103450872	0.00869253	0.10237606661686638	0.03901652293710835
4	103453439	0.00218509	0.1184050643786212	0.038645852120552805
4	103461086	0.131418	0.07259969241434348	0.04812600117140731
4	103463035	0.5092399999999999	0.027031339051030518	0.040955237048789284
4	103463199	0.30249899999999996	0.1265445413249562	0.1227289971043131
4	103467063	0.443429	0.03758476032727121	0.049039654095832386
4	103470114	0.447666	0.03729578474369693	0.0491178719749297
4	103470754	0.9137190000000001	0.006776984279023669	0.06254783813459995
4	103475219	0.8895620000000001	0.00876150566857267	0.06309666626299994
4	103476783	0.428683	0.038836023785198216	0.04906962511941537
4	103477378	0.430069	0.03873982831593065	0.049095330375155906
4	103481090	0.258373	0.03950913309471249	0.03495625537669239
4	103482200	0.444402	0.037488444410991605	0.04901853917978913
4	103483586	0.43700500000000003	0.03816246109434886	0.049098665419992964
4	103484438	0.595026	0.02176149178151271	0.040938388155314066
4	103490409	0.432882	0.038451186374252634	0.049028028045071316
4	103491162	0.30485	0.035656677208034684	0.03475010855333677
4	103491980	0.44698699999999997	0.03729578474369693	0.04904450772577134
4	103493354	0.30707199999999996	0.03546366427556906	0.03472114746374257
4	103493791	0.263297	0.04171759335186847	0.03729338947445953
4	103497082	0.399052	0.030044121348376644	0.03562619246054073
4	103497150	0.034712599999999996	0.12062344232373876	0.05712161568489491
4	103498594	0.874542	0.008265744417032593	0.052350663258857816
4	103500484	0.029485900000000002	0.09531017980432493	0.043781951624474465
4	103501430	0.58449	0.027809700639267233	0.05085546017967062
4	103503441	0.46667700000000006	-0.03448793045867319	0.04738027267440796
4	103503777	0.807467	-0.00793137032628028	0.03254629102112024
4	103504932	0.503229	0.11127300240942871	0.16622354886040056
4	103506264	0.9218350000000001	0.0036931718376176067	0.03763836864134787
4	103507343	0.503089	0.11127300240942871	0.16616905082619512
4	103513037	0.513346	-0.026446650014983503	0.04046078911447358
4	103514299	0.817786	0.008464078412129364	0.03673748549925009
4	103514716	0.8154859999999999	0.008563230660487814	0.03669620241868742
4	103515253	0.811156	0.00876150566857267	0.03666899516928754
4	103520585	0.501849	0.11163081617118545	0.16622035247803296
4	103522964	0.8861030000000001	0.005286004429237438	0.03690390048660936
4	103525934	0.8870389999999999	0.005186526687300154	0.03651148754428853
4	103527295	0.447039	-0.03128429003976644	0.041144011648022026
4	103531690	0.970145	0.0013990209137074087	0.03738056087077351
4	103532551	0.128566	0.10147296893063379	0.06676814754860386
4	103534077	0.8889229999999999	0.005087039048557209	0.03642259369744337
4	103535780	0.887901	0.005186526687300154	0.03679413619126504
4	103535989	0.889415	0.005087039048557209	0.03658569565423802
4	103545569	0.890669	0.005087039048557209	0.03700802384915864
4	103545884	0.8846629999999999	0.005385472276337888	0.0371256637685307
4	103546110	0.890626	0.005087039048557209	0.03699338227407717
4	103546651	0.8907010000000001	0.005087039048557209	0.03701892735798705
4	103546877	0.576288	0.0297529581493478	0.05324295048644139
4	103547621	0.129557	0.10111150136841145	0.06670279118329142
4	103550553	0.8880790000000001	0.005186526687300154	0.036853042673678005
4	103550914	0.457295	-0.03025304317102094	0.0407005275829666
4	103551246	0.876858	0.005683816468297709	0.036680795093502985
4	103552565	0.47694899999999996	-0.029016949070492563	0.04079893759393322
4	103553592	0.452215	-0.026652030997426513	0.0354543820658707
4	103559642	0.9448540000000001	-0.002503130218118477	0.03618789169751329
4	103560940	0.92238	-0.003606495594111744	0.037013919728624514
4	103562262	0.851758	-0.006923915072824198	0.03705088847212734
4	103563846	0.9258709999999999	-0.003405793134832821	0.036605299097192324
4	103566129	0.925851	-0.003405793134832821	0.03659539710992921
4	103566204	0.925775	-0.003405793134832821	0.03655781815387955
4	103569476	0.9252940000000001	-0.003405793134832821	0.03632175361721067
4	103569656	0.342837	0.03343477608623742	0.03524738600388144
4	103572213	0.9245190000000001	-0.00350613932928759	0.0370068614660137
4	103574175	0.917493	-0.0038072383429540663	0.03675218180860637
4	103574274	0.44993500000000003	0.03912455468405008	0.05178470303518261
4	103574893	0.9291309999999999	-0.0033054570087264813	0.03716576069029395
4	103576904	0.938282	-0.0028039273327342593	0.03621272365257859
