4	102500000	22	1.73327
4	102501000	20	-1.76725
4	102502000	15	-1.51738
4	102503000	19	-0.873526
4	102504000	12	-0.786347
4	102505000	14	-0.302143
4	102506000	13	-1.41918
4	102507000	18	-1.60829
4	102508000	16	-0.13391
4	102509000	17	-0.0203288
4	102510000	11	-1.70305
4	102511000	18	-0.846266
4	102512000	14	-1.02331
4	102513000	34	0.730044
4	102514000	24	-0.83929
4	102515000	13	-0.587706
4	102516000	15	-1.91728
4	102517000	11	-1.45017
4	102518000	19	-1.69639
4	102519000	13	-1.82027
4	102520000	30	-1.48319
4	102521000	16	-1.68039
4	102522000	16	-1.09381
4	102523000	26	-1.5214
4	102524000	19	-1.05577
4	102525000	20	-1.8384
4	102526000	26	-1.59559
4	102527000	17	-1.40527
4	102528000	26	-1.20962
4	102529000	40	-1.43177
4	102530000	29	-1.89411
4	102531000	13	-1.80457
4	102532000	19	-0.974178
4	102533000	33	-1.91436
4	102534000	23	-1.89574
4	102535000	27	-1.86585
4	102536000	15	-1.66813
4	102537000	21	-1.46244
4	102538000	26	-1.64096
4	102539000	27	-2.0891
4	102540000	29	-1.96296
4	102541000	28	-0.728919
4	102542000	24	-1.98493
4	102543000	32	-1.85189
4	102544000	24	-1.22758
4	102545000	25	-1.42432
4	102546000	18	-1.27327
4	102547000	16	-1.36437
4	102548000	11	-1.30436
4	102549000	28	-1.73553
4	102550000	22	-1.94393
4	102551000	23	-1.43588
4	102552000	22	-1.60826
4	102553000	18	-2.0014
4	102554000	24	-1.61576
4	102555000	17	-1.64292
4	102556000	24	-1.64278
4	102557000	17	-1.98135
4	102558000	26	-0.251069
4	102559000	16	-1.12972
4	102560000	15	-1.07721
4	102561000	21	-1.25866
4	102562000	19	-1.17119
4	102563000	6	-0.373066
4	102564000	20	-2.04954
4	102565000	19	-0.840385
4	102566000	25	-1.2823
4	102567000	15	-0.613956
4	102568000	12	-1.37365
4	102569000	17	0.60759
4	102570000	22	-0.9976
4	102571000	17	-1.49102
4	102572000	9	0.650733
4	102573000	24	-0.678729
4	102574000	21	0.270731
4	102575000	9	0.438018
4	102576000	18	0.382528
4	102577000	20	-1.15033
4	102578000	18	-0.716534
4	102579000	16	-0.403286
4	102580000	19	-1.45851
4	102581000	24	-0.252302
4	102582000	9	-1.62993
4	102583000	17	-1.58425
4	102584000	19	-1.59733
4	102585000	15	-1.91792
4	102586000	7	-1.44828
4	102587000	16	-1.1875
4	102588000	17	-0.43452
4	102589000	15	-1.5124
4	102590000	14	-1.04738
4	102591000	19	-1.84467
4	102592000	23	-0.8367
4	102593000	15	-0.0752239
4	102594000	13	-0.510935
4	102595000	12	0.366213
4	102596000	16	-0.772791
4	102597000	22	0.0817103
4	102598000	11	0.849542
4	102599000	12	-1.18028
4	102600000	10	-1.68448
4	102601000	13	-1.20551
4	102602000	16	1.18999
4	102603000	19	0.579229
4	102604000	10	-1.34289
4	102605000	18	-0.862826
4	102606000	16	-0.622723
4	102607000	10	-1.02949
4	102608000	18	-0.396776
4	102609000	10	0.770413
4	102610000	16	0.376056
4	102611000	32	-1.31159
4	102612000	22	-1.67799
4	102613000	14	0.364422
4	102614000	16	-0.939232
4	102615000	32	-1.09445
4	102616000	14	-0.964663
4	102617000	20	-1.53847
4	102618000	17	0.813638
4	102619000	16	-0.113341
4	102620000	12	-0.495834
4	102621000	11	-0.852243
4	102622000	17	0.135594
4	102623000	15	-1.24504
4	102624000	19	-0.0656081
4	102625000	16	-1.44368
4	102626000	22	-0.806297
4	102627000	14	-0.775324
4	102628000	16	0.814369
4	102629000	17	-1.20118
4	102630000	13	-1.26374
4	102631000	6	-0.627235
4	102632000	17	-1.19536
4	102633000	13	-1.60043
4	102634000	15	-1.41388
4	102635000	15	-1.08123
4	102636000	17	-1.58925
4	102637000	15	-0.500043
4	102638000	26	-1.03006
4	102639000	25	0.0656542
4	102640000	19	-1.60896
4	102641000	23	-0.0488757
4	102642000	19	0.490712
4	102643000	14	-0.53671
4	102644000	18	-0.368507
4	102645000	10	-0.0333792
4	102646000	11	-0.283381
4	102647000	15	-0.301343
4	102648000	17	-1.45893
4	102649000	15	-1.69014
4	102650000	15	-1.69362
4	102651000	20	-0.924481
4	102652000	17	-1.16704
4	102653000	16	-0.83479
4	102654000	17	-0.79548
4	102655000	21	-0.396074
4	102656000	11	-0.864461
4	102657000	10	-0.696738
4	102658000	12	-1.2542
4	102659000	19	-0.791429
4	102660000	5	-0.552242
4	102661000	6	1.30987
4	102662000	11	-0.168923
4	102663000	5	0.460983
4	102664000	6	-0.602476
4	102665000	23	-1.33059
4	102666000	23	0.00715007
4	102667000	16	-1.3284
4	102668000	12	-1.26759
4	102669000	15	-0.746452
4	102670000	3	-0.80485
4	102671000	7	1.38252
4	102672000	11	-0.0738436
4	102673000	2	0.67531
4	102674000	13	-1.28532
4	102675000	26	-1.37858
4	102676000	14	-1.85174
4	102677000	23	-0.0738507
4	102678000	20	-1.59485
4	102679000	16	-0.824484
4	102680000	19	-1.71014
4	102681000	16	-0.110735
4	102682000	16	-1.51395
4	102683000	17	-0.769827
4	102684000	21	-1.14945
4	102685000	24	-1.36408
4	102686000	12	-0.774031
4	102687000	14	-1.41747
4	102688000	13	-0.205984
4	102689000	14	-0.83495
4	102690000	12	-1.12535
4	102691000	9	-0.486685
4	102692000	14	-0.584039
4	102693000	23	-0.913585
4	102694000	16	-1.91882
4	102695000	15	-1.5128
4	102696000	9	-0.944258
4	102697000	18	-1.3942
4	102698000	11	-1.30112
4	102699000	13	-1.72335
4	102700000	18	-1.1647
4	102701000	30	-1.37364
4	102702000	26	-1.82325
4	102703000	15	-1.90346
4	102704000	23	-1.18139
4	102705000	25	-1.99664
4	102706000	13	-1.35477
4	102707000	16	-1.67278
4	102708000	15	-0.9035
4	102709000	20	-0.795869
4	102710000	12	-0.960324
4	102711000	13	-1.84289
4	102712000	11	-0.717107
4	102713000	9	-0.574058
4	102714000	14	-0.627368
4	102715000	13	0.382979
4	102716000	24	-1.4927
4	102717000	10	0.0317717
4	102718000	24	0.157232
4	102719000	21	-1.65629
4	102720000	3	1.07067
4	102721000	8	2.09482
4	102722000	13	1.82508
4	102723000	24	-0.19622
4	102724000	16	-0.326835
4	102725000	11	0.339157
4	102726000	18	1.09805
4	102727000	13	-0.376395
4	102728000	9	-1.57592
4	102729000	15	0.245655
4	102730000	16	-0.917088
4	102731000	15	-1.92115
4	102732000	10	-1.44108
4	102733000	8	-1.59882
4	102734000	16	-1.7891
4	102735000	16	-1.06583
4	102736000	16	-0.783005
4	102737000	18	-0.790619
4	102738000	15	-0.297743
4	102739000	16	0.72331
4	102740000	19	-1.50328
4	102741000	26	-1.68015
4	102742000	21	-1.89778
4	102743000	21	-0.0168603
4	102744000	14	-1.10898
4	102745000	11	-0.936021
4	102746000	12	-1.07252
4	102747000	16	-0.714099
4	102748000	9	-1.61549
4	102749000	9	-0.60538
4	102750000	15	-1.29833
4	102751000	14	-0.541718
4	102752000	20	-1.1141
4	102753000	6	-0.426022
4	102754000	16	-1.44689
4	102755000	13	-0.5635
4	102756000	10	-0.257048
4	102757000	15	-0.652012
4	102758000	18	-1.83655
4	102759000	13	-1.84611
4	102760000	6	-1.39282
4	102761000	16	-1.19939
4	102762000	8	-0.502998
4	102763000	12	-1.75629
4	102764000	13	-1.45977
4	102765000	13	-1.828
4	102766000	13	-1.01236
4	102767000	15	-1.77103
4	102768000	13	-1.68358
4	102769000	12	0.398506
4	102770000	24	0.238796
4	102771000	12	-0.790394
4	102772000	19	-0.252217
4	102773000	12	-0.930122
4	102774000	17	-1.63381
4	102775000	13	-1.71223
4	102776000	10	-1.4931
4	102777000	10	-0.132019
4	102778000	23	-0.780585
4	102779000	17	-0.572572
4	102780000	14	0.152952
4	102781000	26	-0.981532
4	102782000	12	-0.76305
4	102783000	10	-0.74708
4	102784000	12	-0.392778
4	102785000	20	-1.89054
4	102786000	21	-1.16252
4	102787000	9	0.131907
4	102788000	5	1.25172
4	102789000	12	-1.71188
4	102790000	15	-0.630558
4	102791000	14	-0.477571
4	102792000	16	-0.484873
4	102793000	13	0.808004
4	102794000	20	-0.0906203
4	102795000	16	-0.820115
4	102796000	17	-1.32142
4	102797000	22	-0.316951
4	102798000	16	-0.817108
4	102799000	17	-0.749867
4	102800000	18	-0.6368
4	102801000	16	-0.648434
4	102802000	19	-0.857466
4	102803000	12	-1.6593
4	102804000	13	-1.56955
4	102805000	13	-0.335584
4	102806000	13	-1.15628
4	102807000	23	-1.348
4	102808000	9	-1.52921
4	102809000	19	-1.54998
4	102810000	7	0.49114
4	102811000	4	-1.23846
4	102812000	12	-1.02987
4	102813000	6	-1.18314
4	102814000	14	-1.85666
4	102815000	15	-1.13324
4	102816000	15	-1.72629
4	102817000	7	-1.31187
4	102818000	16	-0.87469
4	102819000	13	-0.575418
4	102820000	17	-1.44613
4	102821000	18	-0.766213
4	102822000	24	-1.326
4	102823000	15	-0.819221
4	102824000	20	-1.1898
4	102825000	14	-1.19809
4	102826000	17	-1.48919
4	102827000	18	-1.81572
4	102828000	8	-1.48698
4	102829000	4	-1.22752
4	102830000	16	-1.51149
4	102831000	17	-1.70138
4	102832000	17	-0.711265
4	102833000	16	-1.92424
4	102834000	16	-1.67918
4	102835000	18	-1.41631
4	102836000	9	-1.4804
4	102837000	11	-1.28882
4	102838000	12	-1.81093
4	102839000	13	-0.722787
4	102840000	9	-1.3318
4	102841000	12	-0.71419
4	102842000	10	-1.71325
4	102843000	10	-1.71369
4	102844000	14	-1.89021
4	102845000	18	-1.64568
4	102846000	11	-1.23525
4	102847000	24	-1.93092
4	102848000	24	-1.82848
4	102849000	12	-0.779902
4	102850000	10	-1.36126
4	102851000	5	-1.34744
4	102852000	18	-0.986118
4	102853000	13	-0.902159
4	102854000	13	-0.927837
4	102855000	20	-0.700582
4	102856000	17	-0.976057
4	102857000	34	-1.48787
4	102858000	12	-1.49641
4	102859000	13	-0.667153
4	102860000	7	-1.52599
4	102861000	15	-1.30408
4	102862000	6	-1.4403
4	102863000	11	-1.6873
4	102864000	11	-1.42127
4	102865000	17	-1.7331
4	102866000	12	-1.6804
4	102867000	14	-0.629363
4	102868000	7	-0.456616
4	102869000	6	-1.447
4	102870000	14	-1.77995
4	102871000	9	-1.66194
4	102872000	13	-0.0716614
4	102873000	11	-1.01142
4	102874000	24	-0.981451
4	102875000	15	-1.81189
4	102876000	13	-1.81937
4	102877000	17	-0.750343
4	102878000	11	-1.01377
4	102879000	14	-0.594644
4	102880000	17	-1.72672
4	102881000	16	-1.23719
4	102882000	9	-1.38864
4	102883000	10	-1.22812
4	102884000	14	-1.68662
4	102885000	10	0.252153
4	102886000	8	-0.553288
4	102887000	8	-0.656967
4	102888000	14	-1.25285
4	102889000	22	-1.93132
4	102890000	14	-1.87221
4	102891000	15	-1.78434
4	102892000	14	-1.88172
4	102893000	14	-0.979507
4	102894000	9	0.128928
4	102895000	15	-0.847259
4	102896000	10	-0.701773
4	102897000	10	-1.71889
4	102898000	16	-1.11406
4	102899000	15	-1.52611
4	102900000	10	-1.71283
4	102901000	9	-0.56229
4	102902000	15	-1.88456
4	102903000	7	-1.14022
4	102904000	13	-1.09858
4	102905000	12	-1.05787
4	102906000	12	-1.63416
4	102907000	12	-1.78477
4	102908000	12	-1.23463
4	102909000	16	-1.38687
4	102910000	12	-0.806144
4	102911000	11	-0.994456
4	102912000	14	-1.25722
4	102913000	14	-1.88341
4	102914000	16	-1.71017
4	102915000	7	0.52981
4	102916000	19	-1.25965
4	102917000	18	-0.890739
4	102918000	28	-1.71051
4	102919000	16	-1.13364
4	102920000	16	-1.78194
4	102921000	10	-0.678876
4	102922000	19	-1.28804
4	102923000	15	-1.63529
4	102924000	10	-1.70288
4	102925000	17	-1.32024
4	102926000	13	-1.64104
4	102927000	16	-1.58924
4	102928000	7	-1.12577
4	102929000	7	-0.0752802
4	102930000	18	-1.8703
4	102931000	10	-1.28264
4	102932000	14	-1.83538
4	102933000	9	-1.0861
4	102934000	18	-1.87502
4	102935000	24	-1.8343
4	102936000	8	-0.702613
4	102937000	21	-1.76455
4	102938000	16	-1.13257
4	102939000	13	-1.79818
4	102940000	8	-1.0775
4	102941000	17	-1.19283
4	102942000	9	-0.167751
4	102943000	21	-0.970713
4	102944000	15	-1.91308
4	102945000	11	-1.04486
4	102946000	23	-1.58869
4	102947000	17	-1.20749
4	102948000	11	-0.530038
4	102949000	8	-1.54701
4	102950000	9	-0.413673
4	102951000	15	-0.588193
4	102952000	18	-0.964025
4	102953000	19	-0.733752
4	102954000	22	-0.906131
4	102955000	19	-1.14735
4	102956000	11	-1.56527
4	102957000	17	-1.36434
4	102958000	15	-0.723939
4	102959000	20	-1.84078
4	102960000	15	-1.28562
4	102961000	14	-0.635154
4	102962000	14	-1.7335
4	102963000	13	-0.524409
4	102964000	12	-1.30247
4	102965000	2	-0.815081
4	102966000	0	nan
4	102967000	10	-0.671394
4	102968000	24	-0.842842
4	102969000	14	-1.86919
4	102970000	24	-1.10283
4	102971000	13	-0.447789
4	102972000	19	-1.97494
4	102973000	13	-0.0726014
4	102974000	15	-0.719919
4	102975000	13	-0.531982
4	102976000	10	-1.21345
4	102977000	12	-0.0899714
4	102978000	10	-0.914485
4	102979000	8	-0.0849314
4	102980000	12	-1.80674
4	102981000	11	-1.03222
4	102982000	12	-0.414958
4	102983000	18	-0.64284
4	102984000	12	-1.80598
4	102985000	12	-1.08405
4	102986000	8	-1.5194
4	102987000	8	0.466385
4	102988000	12	-0.814908
4	102989000	10	-0.868935
4	102990000	16	-1.90797
4	102991000	16	-0.982439
4	102992000	16	-1.57609
4	102993000	14	-1.47384
4	102994000	10	-1.23603
4	102995000	15	-0.988443
4	102996000	16	-1.82012
4	102997000	14	-1.68583
4	102998000	12	-0.395468
4	102999000	7	0.508006
4	103000000	13	-1.16079
4	103001000	19	-0.913197
4	103002000	20	-1.54425
4	103003000	14	-0.725214
4	103004000	13	-0.543508
4	103005000	14	-0.894645
4	103006000	14	-0.587509
4	103007000	11	0.16567
4	103008000	12	1.42107
4	103009000	20	-1.39544
4	103010000	18	-1.1646
4	103011000	18	-0.969385
4	103012000	15	-1.25173
4	103013000	18	-1.36021
4	103014000	22	-1.45285
4	103015000	17	-1.42019
4	103016000	17	-0.712448
4	103017000	13	-1.84646
4	103018000	12	-1.5806
4	103019000	18	-1.25869
4	103020000	21	-1.13278
4	103021000	12	-1.07589
4	103022000	9	-1.15457
4	103023000	11	-0.184669
4	103024000	24	-1.20244
4	103025000	14	-1.27165
4	103026000	20	-1.11118
4	103027000	17	-0.580859
4	103028000	14	-1.09868
4	103029000	7	-0.420418
4	103030000	13	-1.41489
4	103031000	27	-0.626495
4	103032000	18	-1.06421
4	103033000	16	-1.61575
4	103034000	20	-0.992425
4	103035000	15	-1.31112
4	103036000	18	-1.64716
4	103037000	19	-0.207992
4	103038000	15	-1.31928
4	103039000	18	-1.9398
4	103040000	17	-1.29054
4	103041000	17	0.165508
4	103042000	18	-1.65186
4	103043000	12	1.0036
4	103044000	17	0.607886
4	103045000	10	-0.110231
4	103046000	12	-1.36101
4	103047000	18	-0.817149
4	103048000	10	-1.24357
4	103049000	12	-1.80636
4	103050000	22	-1.38283
4	103051000	16	-1.38202
4	103052000	21	-0.341205
4	103053000	14	-1.38749
4	103054000	13	-1.38829
4	103055000	15	-0.685557
4	103056000	24	-1.22858
4	103057000	14	-1.51645
4	103058000	18	-0.25831
4	103059000	17	-0.756041
4	103060000	19	-1.90182
4	103061000	16	-1.93154
4	103062000	9	-1.66007
4	103063000	18	-2.0087
4	103064000	15	-1.89999
4	103065000	18	-1.69936
4	103066000	13	-0.728136
4	103067000	21	-1.59779
4	103068000	13	-1.00722
4	103069000	14	-0.848006
4	103070000	11	-1.74806
4	103071000	13	-1.77806
4	103072000	14	-0.855331
4	103073000	12	-0.354997
4	103074000	13	-1.84682
4	103075000	19	-0.739857
4	103076000	15	-1.53502
4	103077000	7	-0.902307
4	103078000	18	-0.993987
4	103079000	19	-1.71148
4	103080000	6	-1.44761
4	103081000	19	-1.7135
4	103082000	14	-1.21298
4	103083000	5	-1.34608
4	103084000	13	-0.591724
4	103085000	17	-1.67646
4	103086000	19	-0.904254
4	103087000	18	-1.57032
4	103088000	14	-1.56813
4	103089000	27	-2.09743
4	103090000	11	-1.56139
4	103091000	18	-1.32783
4	103092000	11	1.77016
4	103093000	19	-0.129539
4	103094000	7	0.150512
4	103095000	20	-0.842879
4	103096000	11	0.752326
4	103097000	18	-0.518494
4	103098000	14	-0.456594
4	103099000	23	-1.37959
4	103100000	14	-0.748002
4	103101000	18	0.308389
4	103102000	15	-0.666267
4	103103000	15	1.0213
4	103104000	24	-0.565305
4	103105000	13	-0.452105
4	103106000	17	-0.239
4	103107000	19	0.0188893
4	103108000	17	0.279403
4	103109000	22	-0.903411
4	103110000	13	-0.16283
4	103111000	16	-0.332957
4	103112000	26	-1.34805
4	103113000	17	0.288275
4	103114000	21	0.420299
4	103115000	14	0.440788
4	103116000	9	-0.332936
4	103117000	17	-0.46062
4	103118000	17	-0.68341
4	103119000	20	-0.986467
4	103120000	14	-1.24439
4	103121000	21	0.0759674
4	103122000	20	-1.17003
4	103123000	14	-0.722241
4	103124000	18	-0.714978
4	103125000	28	1.09986
4	103126000	1	-0.677108
4	103127000	0	nan
4	103128000	0	nan
4	103129000	0	nan
4	103130000	0	nan
4	103131000	1	1.92509
4	103132000	13	-0.273492
4	103133000	20	-0.421038
4	103134000	22	-0.800007
4	103135000	19	0.430998
4	103136000	20	-1.28703
4	103137000	22	0.00795377
4	103138000	28	-1.39082
4	103139000	12	-1.71632
4	103140000	20	-1.5265
4	103141000	16	-0.976677
4	103142000	3	1.4317
4	103143000	22	-1.90626
4	103144000	18	-0.744105
4	103145000	21	-1.96823
4	103146000	20	-1.75096
4	103147000	18	-0.738701
4	103148000	19	0.00419479
4	103149000	22	-1.22892
4	103150000	14	-1.71775
4	103151000	31	-1.20916
4	103152000	18	-1.25781
4	103153000	24	0.138769
4	103154000	16	0.00708089
4	103155000	36	0.0557297
4	103156000	27	1.92774
4	103157000	27	-1.40661
4	103158000	22	0.675205
4	103159000	20	-0.295856
4	103160000	24	0.807571
4	103161000	9	0.420743
4	103162000	17	1.08684
4	103163000	25	-0.309343
4	103164000	37	-0.507107
4	103165000	27	0.0779982
4	103166000	30	0.883993
4	103167000	23	-1.00279
4	103168000	17	0.749718
4	103169000	22	1.27249
4	103170000	26	2.38664
4	103171000	21	0.439464
4	103172000	27	-0.801417
4	103173000	21	0.482212
4	103174000	17	1.16248
4	103175000	7	0.514804
4	103176000	14	-0.349271
4	103177000	16	-1.47448
4	103178000	18	-1.89513
4	103179000	19	-0.918786
4	103180000	12	-0.508368
4	103181000	18	-1.28487
4	103182000	24	-0.553663
4	103183000	16	-0.289728
4	103184000	16	-0.739188
4	103185000	11	-1.2153
4	103186000	25	-1.16697
4	103187000	19	0.0289522
4	103188000	15	-1.07916
4	103189000	23	-1.28186
4	103190000	14	0.840383
4	103191000	19	-0.705581
4	103192000	13	-0.92508
4	103193000	21	-1.08829
4	103194000	25	-1.44753
4	103195000	24	-1.43545
4	103196000	16	-1.40789
4	103197000	13	-0.0792611
4	103198000	15	-0.0359838
4	103199000	20	-1.51182
4	103200000	13	-1.24375
4	103201000	24	-1.5788
4	103202000	26	-1.86346
4	103203000	32	0.268598
4	103204000	18	-0.360684
4	103205000	16	0.114742
4	103206000	19	0.158866
4	103207000	17	0.0987823
4	103208000	11	0.0120476
4	103209000	22	-1.61425
4	103210000	15	-1.12251
4	103211000	19	-0.888759
4	103212000	23	0.330011
4	103213000	17	-0.308596
4	103214000	15	0.376382
4	103215000	14	0.971627
4	103216000	13	-1.1869
4	103217000	12	0.277855
4	103218000	19	0.0600197
4	103219000	16	-0.00502377
4	103220000	22	-1.67005
4	103221000	17	-1.69801
4	103222000	11	-1.74611
4	103223000	13	-1.82324
4	103224000	22	-1.62888
4	103225000	11	-0.253131
4	103226000	10	-1.55038
4	103227000	10	-0.61228
4	103228000	14	0.0418821
4	103229000	6	0.634935
4	103230000	13	-1.78122
4	103231000	19	-1.31632
4	103232000	16	-1.42508
4	103233000	18	-1.01568
4	103234000	15	-0.521568
4	103235000	14	-1.32311
4	103236000	9	-0.893534
4	103237000	12	-1.22329
4	103238000	16	-1.11526
4	103239000	13	-1.81383
4	103240000	14	-1.87597
4	103241000	2	0.430751
4	103242000	25	-2.14755
4	103243000	23	-1.66952
4	103244000	12	-1.35594
4	103245000	14	-1.76352
4	103246000	6	-0.964363
4	103247000	16	-1.51616
4	103248000	14	-1.80814
4	103249000	22	-1.43689
4	103250000	8	-1.29
4	103251000	24	-1.6738
4	103252000	23	-1.72535
4	103253000	10	0.105586
4	103254000	20	-1.31354
4	103255000	25	-1.9741
4	103256000	19	-2.03251
4	103257000	12	-1.50601
4	103258000	15	-1.72769
4	103259000	15	-1.6707
4	103260000	10	-1.22292
4	103261000	9	-0.528738
4	103262000	15	-1.03589
4	103263000	18	-1.98997
4	103264000	14	-1.62745
4	103265000	13	-0.957228
4	103266000	15	-1.87583
4	103267000	11	-0.466727
4	103268000	16	-0.752264
4	103269000	14	-1.4801
4	103270000	14	-1.43509
4	103271000	10	-1.02344
4	103272000	15	-1.79201
4	103273000	12	-1.80219
4	103274000	12	-0.985356
4	103275000	19	-0.780324
4	103276000	19	-1.59976
4	103277000	15	-1.38166
4	103278000	15	-1.72911
4	103279000	13	-1.85113
4	103280000	13	-0.46911
4	103281000	18	-1.05737
4	103282000	15	-1.36526
4	103283000	20	1.94695
4	103284000	20	-1.36382
4	103285000	20	0.273648
4	103286000	16	-0.362803
4	103287000	14	-1.0544
4	103288000	14	-1.28224
4	103289000	18	-0.483104
4	103290000	18	-0.561336
4	103291000	19	-0.190223
4	103292000	20	-0.580401
4	103293000	26	-1.49497
4	103294000	19	-0.357976
4	103295000	26	-1.05302
4	103296000	0	nan
4	103297000	0	nan
4	103298000	2	-0.738479
4	103299000	0	nan
4	103300000	0	nan
4	103301000	10	-0.213763
4	103302000	27	-0.129223
4	103303000	20	-0.744494
4	103304000	22	-1.67308
4	103305000	27	-1.10147
4	103306000	15	-0.389227
4	103307000	17	-0.539875
4	103308000	18	-0.598331
4	103309000	12	0.201644
4	103310000	17	-1.00927
4	103311000	16	-0.407088
4	103312000	18	-1.53996
4	103313000	19	-1.9187
4	103314000	19	-1.54443
4	103315000	22	-0.535367
4	103316000	20	-1.10618
4	103317000	19	-0.532302
4	103318000	25	-1.17043
4	103319000	20	-1.57111
4	103320000	18	-1.11094
4	103321000	15	-0.270468
4	103322000	20	-0.678613
4	103323000	19	-1.03363
4	103324000	13	-0.313419
4	103325000	12	-1.11036
4	103326000	10	-0.274801
4	103327000	27	0.242976
4	103328000	15	-1.87531
4	103329000	9	0.781772
4	103330000	7	-1.47296
4	103331000	2	-0.924861
4	103332000	11	-0.157156
4	103333000	21	-1.23719
4	103334000	8	-1.55223
4	103335000	16	0.154002
4	103336000	12	-0.533345
4	103337000	20	0.143142
4	103338000	25	-1.01926
4	103339000	19	-1.1046
4	103340000	20	0.224081
4	103341000	13	-0.693352
4	103342000	16	-1.92542
4	103343000	14	0.990654
4	103344000	21	-1.11873
4	103345000	14	-1.63182
4	103346000	19	-1.54591
4	103347000	30	-1.92125
4	103348000	11	-1.05996
4	103349000	16	0.870753
4	103350000	17	-0.986676
4	103351000	13	-0.366477
4	103352000	15	-1.50168
4	103353000	16	-0.877906
4	103354000	7	-0.208085
4	103355000	15	-0.366815
4	103356000	11	-0.916824
4	103357000	19	-0.801219
4	103358000	19	-1.03974
4	103359000	17	-1.39948
4	103360000	20	-1.42082
4	103361000	17	0.440964
4	103362000	14	-1.0038
4	103363000	23	-1.0676
4	103364000	18	-1.23643
4	103365000	15	-0.821803
4	103366000	19	-1.79084
4	103367000	16	-1.92466
4	103368000	17	-0.751225
4	103369000	16	-1.06037
4	103370000	21	-1.60494
4	103371000	17	-1.40182
4	103372000	11	-1.01793
4	103373000	17	-1.06008
4	103374000	17	-1.53207
4	103375000	14	-1.30038
4	103376000	16	-0.686268
4	103377000	29	-1.61868
4	103378000	13	-0.538369
4	103379000	13	-1.17874
4	103380000	20	-1.44291
4	103381000	12	-1.09546
4	103382000	11	-1.50461
4	103383000	21	-1.67741
4	103384000	13	-1.61046
4	103385000	12	-0.693318
4	103386000	8	-1.5963
4	103387000	14	-0.252124
4	103388000	27	-1.68459
4	103389000	23	-0.830316
4	103390000	19	-1.53647
4	103391000	9	-0.141438
4	103392000	19	-1.21813
4	103393000	18	-1.50782
4	103394000	16	-0.972262
4	103395000	13	-0.74148
4	103396000	22	-1.38875
4	103397000	20	-1.20819
4	103398000	21	-1.80767
4	103399000	31	-1.84879
4	103400000	12	-1.04046
4	103401000	9	0.449328
4	103402000	17	-1.94301
4	103403000	9	-0.473608
4	103404000	33	-1.83453
4	103405000	11	-1.43284
4	103406000	12	0.0248868
4	103407000	18	-0.8101
4	103408000	19	-1.54738
4	103409000	22	-1.85156
4	103410000	14	-1.49771
4	103411000	15	-0.543233
4	103412000	24	-1.50084
4	103413000	8	-0.676058
4	103414000	16	-1.37946
4	103415000	15	-0.437765
4	103416000	2	-0.92252
4	103417000	24	-1.40075
4	103418000	12	-0.385471
4	103419000	10	-1.0556
4	103420000	16	-1.81622
4	103421000	17	-1.79228
4	103422000	7	0.543943
4	103423000	21	-0.0401082
4	103424000	8	-0.654291
4	103425000	19	-2.02097
4	103426000	14	-1.12222
4	103427000	24	-1.80307
4	103428000	12	-1.06632
4	103429000	13	-1.76066
4	103430000	14	-1.70011
4	103431000	10	-1.71282
4	103432000	13	-1.10346
4	103433000	13	-1.21229
4	103434000	12	-0.375521
4	103435000	15	-1.88657
4	103436000	8	-0.451014
4	103437000	13	0.0992447
4	103438000	15	-1.29746
4	103439000	6	-0.314231
4	103440000	14	-0.330474
4	103441000	25	-1.98812
4	103442000	19	-1.95694
4	103443000	12	-1.05822
4	103444000	17	0.0811826
4	103445000	19	-1.72791
4	103446000	13	-0.428879
4	103447000	10	-1.67609
4	103448000	23	-1.20815
4	103449000	14	-1.22377
4	103450000	13	0.0182859
4	103451000	13	-1.8178
4	103452000	18	-1.74191
4	103453000	7	-0.198356
4	103454000	11	-1.75129
4	103455000	14	-1.76959
4	103456000	15	-1.80171
4	103457000	18	-0.954326
4	103458000	20	-0.0874191
4	103459000	12	-1.23271
4	103460000	16	-1.81422
4	103461000	17	-0.760682
4	103462000	22	-0.76333
4	103463000	19	-0.969434
4	103464000	14	-1.87561
4	103465000	17	-1.3353
4	103466000	19	-1.50731
4	103467000	18	-1.98038
4	103468000	4	0.220592
4	103469000	19	-1.49701
4	103470000	10	-0.894473
4	103471000	14	-0.0861494
4	103472000	13	-1.04974
4	103473000	14	-1.84006
4	103474000	12	-1.14358
4	103475000	13	-1.18687
4	103476000	18	-1.17133
4	103477000	13	-1.84182
4	103478000	18	-1.16645
4	103479000	19	-1.55268
4	103480000	10	-0.607187
4	103481000	15	-0.719924
4	103482000	18	-1.95866
4	103483000	17	-1.9568
4	103484000	12	-1.13067
4	103485000	18	-1.48806
4	103486000	27	-0.481298
4	103487000	17	-1.32535
4	103488000	12	-0.408103
4	103489000	19	-1.04999
4	103490000	17	-1.92616
4	103491000	13	-1.19384
4	103492000	3	0.649376
4	103493000	18	-1.91398
4	103494000	12	-1.07635
4	103495000	16	-1.35781
4	103496000	20	-1.38584
4	103497000	16	-1.17031
4	103498000	16	-1.37835
4	103499000	23	-2.11001
4	103500000	11	-0.237286
4	103501000	5	-0.13189
4	103502000	15	-0.767222
4	103503000	11	-0.864589
4	103504000	10	-0.788018
4	103505000	12	-0.846003
4	103506000	15	-0.685317
4	103507000	17	-1.44069
4	103508000	22	-0.735045
4	103509000	18	0.0625814
4	103510000	17	-1.1623
4	103511000	16	-0.105865
4	103512000	15	-1.2974
4	103513000	20	-1.41746
4	103514000	15	0.0308446
4	103515000	18	-0.462809
4	103516000	15	-1.31063
4	103517000	11	-1.76705
4	103518000	23	-1.66153
4	103519000	20	-1.07294
4	103520000	15	-1.92309
4	103521000	11	-1.75776
4	103522000	9	-1.58903
4	103523000	9	-1.60616
4	103524000	13	0.0651076
4	103525000	16	-0.407697
4	103526000	15	0.109477
4	103527000	16	-1.5193
4	103528000	10	-1.66681
4	103529000	10	-0.187571
4	103530000	16	-1.34455
4	103531000	17	-1.32524
4	103532000	6	-1.45005
4	103533000	18	-1.67231
4	103534000	21	-1.45113
4	103535000	17	-1.89589
4	103536000	22	-1.05361
4	103537000	20	-1.58997
4	103538000	5	-1.35358
4	103539000	10	-1.65192
4	103540000	15	-0.132149
4	103541000	4	-1.24316
4	103542000	18	-1.10444
4	103543000	21	-2.02639
4	103544000	17	-1.39749
4	103545000	23	0.499632
4	103546000	13	0.0404443
4	103547000	10	-0.212216
4	103548000	17	-0.974314
4	103549000	15	-1.49191
4	103550000	17	0.263758
4	103551000	28	-0.295207
4	103552000	21	0.451022
4	103553000	24	0.928246
4	103554000	28	3.05363
4	103555000	19	3.06554
4	103556000	20	-0.0940336
4	103557000	19	2.31034
4	103558000	16	1.49705
4	103559000	14	-1.23461
4	103560000	19	-1.58439
4	103561000	13	-1.0347
4	103562000	17	-1.97313
4	103563000	15	-1.7556
4	103564000	17	-1.94322
4	103565000	17	-1.9679
4	103566000	5	-1.35495
4	103567000	17	-1.41725
4	103568000	9	-1.65125
4	103569000	9	-0.727781
4	103570000	13	-1.84431
4	103571000	14	-1.83656
4	103572000	11	1.28076
4	103573000	21	1.37898
4	103574000	6	-1.44639
4	103575000	11	0.555064
4	103576000	20	-2.03715
4	103577000	15	-1.09551
4	103578000	13	-1.08618
4	103579000	14	-1.24915
4	103580000	19	-1.50943
4	103581000	16	-1.89094
4	103582000	17	-1.93538
4	103583000	21	-0.668094
4	103584000	11	-1.76583
4	103585000	18	-1.36242
4	103586000	16	-1.30017
4	103587000	21	-2.06106
4	103588000	24	-2.04302
4	103589000	15	-1.25427
4	103590000	16	-1.33684
4	103591000	9	-1.65635
4	103592000	9	-1.54039
4	103593000	18	-1.34684
4	103594000	27	-1.39784
4	103595000	16	-1.33396
4	103596000	14	-1.83195
4	103597000	29	-1.79734
4	103598000	19	-1.39139
4	103599000	14	-1.86214
4	103600000	8	-1.58975
4	103601000	15	-1.79914
4	103602000	13	-1.37775
4	103603000	14	-1.15386
4	103604000	10	-1.61039
4	103605000	18	-1.30424
4	103606000	19	-0.617792
4	103607000	15	-0.246271
4	103608000	15	-1.37926
4	103609000	20	-1.61655
4	103610000	13	-0.0192653
4	103611000	16	-0.237622
4	103612000	9	1.50472
4	103613000	15	-0.721218
4	103614000	12	-1.70262
4	103615000	17	-1.9248
4	103616000	18	-1.95791
4	103617000	22	-2.02393
4	103618000	10	-0.803994
4	103619000	0	nan
4	103620000	0	nan
4	103621000	0	nan
4	103622000	0	nan
4	103623000	4	-1.08096
4	103624000	27	-2.0493
4	103625000	24	-0.946768
4	103626000	21	-1.5745
4	103627000	20	-1.13435
4	103628000	14	-1.88545
4	103629000	11	-1.71937
4	103630000	18	-1.41479
4	103631000	15	-1.87849
4	103632000	16	-1.36976
4	103633000	16	-0.876914
4	103634000	16	-1.43756
4	103635000	12	-1.11692
4	103636000	11	-1.70302
4	103637000	17	-1.85202
4	103638000	11	-1.4986
4	103639000	20	-1.95616
4	103640000	20	-1.18315
4	103641000	14	-1.73959
4	103642000	25	-2.09509
4	103643000	16	-1.39877
4	103644000	15	-1.90061
4	103645000	11	-1.70848
4	103646000	13	-1.76542
4	103647000	13	-0.760231
4	103648000	25	-2.1269
4	103649000	22	-2.08536
4	103650000	19	-1.95643
4	103651000	34	-1.88523
4	103652000	19	-2.00604
4	103653000	16	-1.33862
4	103654000	11	-1.11172
4	103655000	11	-1.71
4	103656000	20	-1.63633
4	103657000	13	-1.77246
4	103658000	17	-1.44419
4	103659000	12	-1.77108
4	103660000	9	-1.66007
4	103661000	17	-1.83973
4	103662000	25	-2.14712
4	103663000	24	-2.10921
4	103664000	17	-1.9275
4	103665000	19	-1.98447
4	103666000	14	-1.38795
4	103667000	20	-2.0169
4	103668000	16	-1.23989
4	103669000	18	-1.95347
4	103670000	25	-1.76146
4	103671000	17	-1.90701
4	103672000	16	-1.66417
4	103673000	14	-1.75477
4	103674000	11	-1.62045
4	103675000	21	-1.52741
4	103676000	4	-1.06382
4	103677000	11	-1.59878
4	103678000	15	-1.76962
4	103679000	17	-1.43736
4	103680000	19	-1.35991
4	103681000	14	-1.86953
4	103682000	19	-1.96976
4	103683000	11	-1.26899
4	103684000	9	-0.780951
4	103685000	12	-0.939359
4	103686000	11	-1.76502
4	103687000	14	-1.18773
4	103688000	13	-0.121208
4	103689000	11	0.537989
4	103690000	15	0.195583
4	103691000	17	-1.5065
4	103692000	12	0.702262
4	103693000	12	-0.367436
4	103694000	8	-1.50057
4	103695000	17	-1.14671
4	103696000	15	-1.7833
4	103697000	15	-1.88491
4	103698000	8	-0.620975
4	103699000	18	-0.372516
4	103700000	22	-1.13899
4	103701000	19	0.77479
4	103702000	24	-1.44373
4	103703000	16	-0.659064
4	103704000	16	-0.859194
4	103705000	7	0.873529
4	103706000	11	-0.855683
4	103707000	13	-1.32535
4	103708000	15	-1.25925
4	103709000	20	-0.0183436
4	103710000	22	-0.279472
4	103711000	24	-1.24828
4	103712000	24	-0.751966
4	103713000	21	-0.998205
4	103714000	23	-0.524357
4	103715000	23	-1.04567
4	103716000	20	-2.01455
4	103717000	14	-1.88545
4	103718000	5	-1.28246
4	103719000	16	-0.740438
4	103720000	22	-1.18841
4	103721000	22	-1.43909
4	103722000	17	-0.507749
4	103723000	17	-1.3812
4	103724000	16	-1.8689
4	103725000	18	-0.895471
4	103726000	24	-1.38535
4	103727000	27	-1.78856
4	103728000	21	-1.53258
4	103729000	22	-1.53608
4	103730000	11	-0.993958
4	103731000	21	0.0118824
4	103732000	33	-0.837605
4	103733000	14	-1.19217
4	103734000	24	-1.44927
4	103735000	12	-1.04381
4	103736000	21	-0.584454
4	103737000	20	-1.07631
4	103738000	22	0.375082
4	103739000	26	-1.81405
4	103740000	22	-2.05266
4	103741000	15	-0.416395
4	103742000	20	-0.578603
4	103743000	15	-1.89932
4	103744000	26	-1.32357
4	103745000	34	-1.87714
4	103746000	20	-1.81311
4	103747000	28	-1.83956
4	103748000	19	-0.378721
4	103749000	23	-0.935867
4	103750000	18	-0.899298
4	103751000	17	-0.823999
4	103752000	14	-1.22921
4	103753000	10	-0.0786005
4	103754000	18	0.0873452
4	103755000	9	-1.62006
4	103756000	18	-1.44343
4	103757000	15	-0.687785
4	103758000	9	-0.85289
4	103759000	17	-0.866295
4	103760000	18	-1.33045
4	103761000	21	-1.34181
4	103762000	8	-1.43387
4	103763000	9	-1.59579
4	103764000	22	-1.12348
4	103765000	19	-1.02565
4	103766000	12	-1.39601
4	103767000	18	-1.46465
4	103768000	16	-1.58632
4	103769000	29	-1.12211
4	103770000	9	0.490472
4	103771000	15	-1.61101
4	103772000	14	-0.598752
4	103773000	20	-1.4492
4	103774000	15	-1.29428
4	103775000	17	-1.33565
4	103776000	11	-0.884915
4	103777000	10	-0.834205
4	103778000	13	-0.47756
4	103779000	11	-0.234707
4	103780000	18	-0.415957
4	103781000	16	0.0973237
4	103782000	23	-2.08114
4	103783000	11	-0.792217
4	103784000	9	-1.65402
4	103785000	10	0.31804
4	103786000	21	-0.171331
4	103787000	13	-1.84898
4	103788000	15	-1.31232
4	103789000	16	-1.07243
4	103790000	18	-1.47287
4	103791000	13	-1.83965
4	103792000	11	-1.63542
4	103793000	23	-1.23593
4	103794000	23	-0.303557
4	103795000	15	-1.38551
4	103796000	26	-1.76281
4	103797000	22	-1.63696
4	103798000	13	-1.76813
4	103799000	20	-0.558816
4	103800000	10	-0.975595
4	103801000	21	-0.99764
4	103802000	20	0.00767499
4	103803000	16	-1.3181
4	103804000	18	-1.66159
4	103805000	13	-0.380935
4	103806000	14	-1.23965
4	103807000	10	-0.848042
4	103808000	0	nan
4	103809000	16	-0.186737
4	103810000	10	-0.995686
4	103811000	12	-0.793405
4	103812000	18	-1.39594
4	103813000	10	0.340129
4	103814000	1	-0.675402
4	103815000	9	-0.747339
4	103816000	9	-0.742808
4	103817000	7	-1.51882
4	103818000	0	nan
4	103819000	12	-1.80712
4	103820000	4	1.55536
4	103821000	2	1.28597
4	103822000	3	0.651961
4	103823000	15	-1.27827
4	103824000	6	-1.41002
4	103825000	6	0.856134
4	103826000	8	0.327766
4	103827000	11	0.636209
4	103828000	4	-1.2236
4	103829000	1	-0.67199
4	103830000	5	2.52372
4	103831000	4	-0.656522
4	103832000	4	-1.21269
4	103833000	6	-0.297125
4	103834000	8	-0.615112
4	103835000	4	0.238511
4	103836000	5	1.23971
4	103837000	8	-1.58673
4	103838000	2	-0.924862
4	103839000	6	0.89261
4	103840000	20	-1.07295
4	103841000	7	0.609512
4	103842000	5	0.007413
4	103843000	13	-0.466268
4	103844000	4	0.241348
4	103845000	7	-0.47951
4	103846000	6	-0.135229
4	103847000	2	-0.818505
4	103848000	12	-0.253961
4	103849000	15	-0.670494
4	103850000	3	-1.0306
4	103851000	5	1.25696
4	103852000	7	0.622685
4	103853000	10	-1.71715
4	103854000	5	0.0218925
4	103855000	9	-1.09376
4	103856000	7	0.616194
4	103857000	13	0.128095
4	103858000	11	-1.26772
4	103859000	16	0.969417
4	103860000	3	-1.09954
4	103861000	11	0.0958344
4	103862000	6	-0.242252
4	103863000	12	-0.768948
4	103864000	7	-1.52268
4	103865000	3	-0.28923
4	103866000	8	-0.569658
4	103867000	16	-1.34966
4	103868000	3	-0.96794
4	103869000	4	0.255855
4	103870000	8	-0.308195
4	103871000	11	-1.75855
4	103872000	11	0.762611
4	103873000	0	nan
4	103874000	0	nan
4	103875000	2	-0.901478
4	103876000	17	-0.730877
4	103877000	13	-1.17221
4	103878000	9	0.51184
4	103879000	17	-0.877295
4	103880000	18	-0.962334
4	103881000	7	-0.461967
4	103882000	3	0.649982
4	103883000	1	-0.588966
4	103884000	5	-0.689116
4	103885000	14	-1.06166
4	103886000	4	0.254674
4	103887000	15	-0.683388
4	103888000	3	-0.349544
4	103889000	16	-0.745612
4	103890000	27	-0.579013
4	103891000	11	-1.24707
4	103892000	2	-0.91667
4	103893000	22	-1.44336
4	103894000	4	-1.23454
4	103895000	4	1.72287
4	103896000	4	3.19102
4	103897000	9	-1.21503
4	103898000	13	-0.487259
4	103899000	4	-0.316337
4	103900000	9	-0.0325333
4	103901000	21	-1.07923
4	103902000	18	-1.96163
4	103903000	15	-1.02846
4	103904000	10	1.55667
4	103905000	19	-1.45952
4	103906000	11	-0.235769
4	103907000	18	-1.3966
4	103908000	19	-0.957449
4	103909000	11	-1.76462
4	103910000	11	-1.4306
4	103911000	12	0.415456
4	103912000	14	-1.87187
4	103913000	12	-1.04428
4	103914000	14	0.0669787
4	103915000	10	-0.0100354
4	103916000	15	-0.441798
4	103917000	12	-1.72366
4	103918000	8	-1.59781
4	103919000	21	-1.32983
4	103920000	19	-1.94346
4	103921000	18	-1.41399
4	103922000	15	-1.73136
4	103923000	14	0.0901969
4	103924000	12	-1.80826
4	103925000	15	0.0720601
4	103926000	19	-0.208489
4	103927000	13	-1.16652
4	103928000	8	0.227733
4	103929000	11	-0.93472
4	103930000	22	-0.736463
4	103931000	14	0.684073
4	103932000	16	-0.445157
4	103933000	15	-0.816564
4	103934000	16	-1.29897
4	103935000	16	-1.92334
4	103936000	15	-0.793811
4	103937000	22	-0.050485
4	103938000	19	-1.49154
4	103939000	19	-0.557687
4	103940000	14	-1.86714
4	103941000	15	-1.64371
4	103942000	16	1.06926
4	103943000	11	-1.76786
4	103944000	20	-1.19783
4	103945000	17	-1.97284
4	103946000	7	-1.53095
4	103947000	13	-1.17026
4	103948000	13	-1.76817
4	103949000	10	-1.5331
4	103950000	13	-1.15276
4	103951000	12	-1.08649
4	103952000	9	-0.862562
4	103953000	14	-1.29967
4	103954000	15	-1.3332
4	103955000	15	-1.90091
4	103956000	25	-1.69242
4	103957000	16	-1.94536
4	103958000	20	-1.95099
4	103959000	9	-1.64569
4	103960000	23	-1.66513
4	103961000	12	-1.81093
4	103962000	5	-0.0626521
4	103963000	19	-1.7484
4	103964000	15	-1.61142
4	103965000	11	-1.75935
4	103966000	14	-1.61689
4	103967000	18	-1.97607
4	103968000	9	-1.64147
4	103969000	17	-1.88492
4	103970000	15	-1.85778
4	103971000	12	-1.79003
4	103972000	19	-2.02766
4	103973000	15	-1.3329
4	103974000	11	-0.956323
4	103975000	16	-1.22063
4	103976000	3	-0.868131
4	103977000	24	-1.26213
4	103978000	10	-1.65984
4	103979000	19	-2.0158
4	103980000	16	-1.91628
4	103981000	12	-1.64109
4	103982000	6	-1.43604
4	103983000	19	-1.37202
4	103984000	16	-1.60919
4	103985000	6	-1.27336
4	103986000	12	-1.50344
4	103987000	9	-0.760679
4	103988000	12	-1.03687
4	103989000	19	-1.95615
4	103990000	14	-1.86177
4	103991000	10	-1.70807
4	103992000	14	-1.7835
4	103993000	10	-1.70936
4	103994000	16	-1.93922
4	103995000	13	-1.80095
4	103996000	14	-1.73811
4	103997000	18	-1.78731
4	103998000	13	-1.84395
4	103999000	15	-1.29749
4	104000000	10	-0.41081
4	104001000	18	-1.65261
4	104002000	18	-1.62506
4	104003000	16	-1.21066
4	104004000	17	-1.10966
4	104005000	14	-1.87058
4	104006000	14	-1.4415
4	104007000	18	-1.0267
4	104008000	14	-0.598519
4	104009000	14	-1.07531
4	104010000	17	-0.427072
4	104011000	15	-1.17425
4	104012000	15	-1.56264
4	104013000	16	-0.535586
4	104014000	10	-0.207658
4	104015000	6	-0.935451
4	104016000	17	-1.30167
4	104017000	10	-1.52435
4	104018000	10	-1.23815
4	104019000	14	-1.88749
4	104020000	14	-0.716658
4	104021000	20	-1.74879
4	104022000	21	-1.19047
4	104023000	18	-0.602327
4	104024000	12	-1.81093
4	104025000	16	-0.957902
4	104026000	12	-1.34854
4	104027000	9	-1.13412
4	104028000	9	-1.66287
4	104029000	14	-1.43884
4	104030000	18	-0.69043
4	104031000	21	-1.7636
4	104032000	16	-1.14019
4	104033000	8	0.595569
4	104034000	1	1.3751
4	104035000	12	-1.81131
4	104036000	13	-1.41703
4	104037000	11	-0.485384
4	104038000	14	-1.87764
4	104039000	18	-1.33154
4	104040000	12	-1.80978
4	104041000	10	-0.902656
4	104042000	17	-1.56167
4	104043000	14	-1.06987
4	104044000	14	-1.47978
4	104045000	17	-0.963336
4	104046000	21	-1.71547
4	104047000	11	-1.02193
4	104048000	14	-1.40121
4	104049000	18	-1.6832
4	104050000	16	-0.837932
4	104051000	11	-1.28596
4	104052000	16	-1.37102
4	104053000	10	-1.71369
4	104054000	9	-0.82628
4	104055000	27	-1.54378
4	104056000	13	-0.755251
4	104057000	13	-0.562565
4	104058000	14	-0.874955
4	104059000	17	-0.758197
4	104060000	12	-1.33486
4	104061000	13	0.629915
4	104062000	13	-0.74682
4	104063000	14	-1.03277
4	104064000	23	-1.37472
4	104065000	18	-1.62237
4	104066000	12	0.0104026
4	104067000	16	-1.57371
4	104068000	13	-1.31344
4	104069000	13	-1.70389
4	104070000	12	-1.38202
4	104071000	13	-0.783516
4	104072000	11	-1.7634
4	104073000	17	-0.388742
4	104074000	11	-1.70142
4	104075000	12	-1.61485
4	104076000	14	-1.879
4	104077000	16	-1.24203
4	104078000	13	-1.41176
4	104079000	14	-1.28225
4	104080000	11	-1.62416
4	104081000	13	0.022368
4	104082000	14	-0.887036
4	104083000	14	-0.893841
4	104084000	19	-1.66478
4	104085000	12	-0.640366
4	104086000	15	0.362118
4	104087000	16	-1.07784
4	104088000	17	-1.97754
4	104089000	21	-1.65299
4	104090000	16	-1.45541
4	104091000	13	-1.41786
4	104092000	16	-0.835694
4	104093000	19	-1.71004
4	104094000	19	-2.02928
4	104095000	16	-1.06608
4	104096000	8	-0.958935
4	104097000	15	-1.14424
4	104098000	8	-0.434238
4	104099000	13	-1.13137
4	104100000	17	-1.06779
4	104101000	13	-1.44992
4	104102000	9	-1.07823
4	104103000	15	-0.601294
4	104104000	17	-1.08499
4	104105000	22	-1.46216
4	104106000	17	-1.42651
4	104107000	27	-1.45176
4	104108000	3	-1.09768
4	104109000	0	nan
4	104110000	4	-0.368008
4	104111000	4	0.612771
4	104112000	7	-0.871698
4	104113000	14	-1.0865
4	104114000	14	-0.0243897
4	104115000	16	-1.44522
4	104116000	13	-1.7648
4	104117000	12	-1.32554
4	104118000	21	-1.79657
4	104119000	19	-1.36774
4	104120000	13	-0.145338
4	104121000	12	-0.20177
4	104122000	23	-0.208475
4	104123000	25	-1.82072
4	104124000	12	-1.80256
4	104125000	11	-1.66871
4	104126000	14	-1.16904
4	104127000	24	-1.29841
4	104128000	14	-0.517328
4	104129000	18	-1.08238
4	104130000	22	-1.17441
4	104131000	17	-1.68281
4	104132000	13	-1.84683
4	104133000	17	-1.45103
4	104134000	19	-0.779994
4	104135000	11	-1.74807
4	104136000	18	-1.65869
4	104137000	28	-1.50727
4	104138000	18	-1.60233
4	104139000	21	-0.9683
4	104140000	20	-0.799929
4	104141000	21	-1.30356
4	104142000	20	-1.62125
4	104143000	22	-1.53009
4	104144000	17	-1.80508
4	104145000	22	-1.34265
4	104146000	22	-1.46546
4	104147000	18	-0.77198
4	104148000	19	-1.68776
4	104149000	23	-1.32846
4	104150000	29	-1.48803
4	104151000	16	-1.94813
4	104152000	24	-1.2637
4	104153000	22	-1.56996
4	104154000	35	-1.74993
4	104155000	24	-1.50448
4	104156000	22	-2.03999
4	104157000	14	-0.810129
4	104158000	25	-1.82183
4	104159000	9	-1.56485
4	104160000	4	-1.2174
4	104161000	10	-0.803995
4	104162000	14	-1.47385
4	104163000	17	0.438128
4	104164000	22	-0.672394
4	104165000	24	-0.603178
4	104166000	25	-1.73323
4	104167000	17	-1.96402
4	104168000	17	-1.1179
4	104169000	26	-1.24109
4	104170000	26	-0.853751
4	104171000	6	1.92426
4	104172000	0	nan
4	104173000	1	-0.666876
4	104174000	0	nan
4	104175000	0	nan
4	104176000	1	0.888224
4	104177000	18	0.0936077
4	104178000	28	-0.787177
4	104179000	31	-1.00522
4	104180000	22	-1.75057
4	104181000	36	-1.76024
4	104182000	24	-1.50663
4	104183000	19	-1.53724
4	104184000	29	-2.02059
4	104185000	25	-0.809945
4	104186000	18	-1.4084
4	104187000	28	-1.61849
4	104188000	20	-1.03925
4	104189000	15	-1.36808
4	104190000	18	-1.97963
4	104191000	22	-1.8409
4	104192000	29	-0.84072
4	104193000	25	-0.957717
4	104194000	18	-1.73129
4	104195000	0	nan
4	104196000	31	-1.44982
4	104197000	23	-1.07339
4	104198000	19	-1.76117
4	104199000	27	-1.9837
4	104200000	19	-1.77044
4	104201000	5	-0.106898
4	104202000	10	-1.63286
4	104203000	21	-1.58155
4	104204000	13	-1.50873
4	104205000	13	-0.81224
4	104206000	21	-1.48769
4	104207000	24	-1.60612
4	104208000	29	-1.4067
4	104209000	12	-1.10339
4	104210000	13	-1.50009
4	104211000	14	-1.49316
4	104212000	16	0.665373
4	104213000	16	-0.866423
4	104214000	24	-1.01057
4	104215000	25	-0.773811
4	104216000	25	-0.820182
4	104217000	5	-0.151323
4	104218000	16	-1.14841
4	104219000	22	-1.22493
4	104220000	30	-1.38963
4	104221000	16	-1.89188
4	104222000	22	-0.952085
4	104223000	16	-0.190715
4	104224000	32	-1.68595
4	104225000	20	-0.357723
4	104226000	8	-1.01059
4	104227000	8	-1.23168
4	104228000	8	-1.55842
4	104229000	7	-1.31005
4	104230000	15	-1.86024
4	104231000	12	-0.688266
4	104232000	3	-0.893194
4	104233000	12	-0.0955952
4	104234000	14	0.14797
4	104235000	19	-0.75453
4	104236000	13	-0.557575
4	104237000	14	-0.85951
4	104238000	26	-1.1357
4	104239000	14	-1.23443
4	104240000	16	-0.377931
4	104241000	18	-0.627412
4	104242000	18	-0.968725
4	104243000	11	-1.74049
4	104244000	15	-0.925273
4	104245000	17	-0.89352
4	104246000	29	-1.62804
4	104247000	11	-1.16671
4	104248000	18	-1.00743
4	104249000	24	-0.9253
4	104250000	24	0.318801
4	104251000	17	-1.37551
4	104252000	21	-0.547856
4	104253000	19	-1.15933
4	104254000	15	-1.21433
4	104255000	10	-0.917044
4	104256000	19	-1.08856
4	104257000	18	0.0104701
4	104258000	15	-1.39432
4	104259000	11	-1.31555
4	104260000	21	-1.51209
4	104261000	13	-1.09793
4	104262000	15	-1.34721
4	104263000	13	-0.246545
4	104264000	13	-1.84647
4	104265000	15	-1.84408
4	104266000	8	-0.861788
4	104267000	11	-0.68456
4	104268000	14	-1.18279
4	104269000	14	-0.807545
4	104270000	17	-0.213595
4	104271000	31	-1.86704
4	104272000	16	-1.73186
4	104273000	8	-0.874461
4	104274000	16	-1.18322
4	104275000	13	-1.08455
4	104276000	8	-1.15399
4	104277000	17	-1.71173
4	104278000	21	-1.79008
4	104279000	19	-1.25086
4	104280000	20	-1.8225
4	104281000	20	-1.22002
4	104282000	22	-0.68748
4	104283000	20	-1.45395
4	104284000	13	0.109213
4	104285000	20	-1.49562
4	104286000	13	-1.81898
4	104287000	20	-1.92214
4	104288000	12	-1.09797
4	104289000	18	-1.40327
4	104290000	11	-0.772976
4	104291000	23	-1.62416
4	104292000	9	-1.5523
4	104293000	20	-1.56244
4	104294000	19	-1.88484
4	104295000	18	-1.43599
4	104296000	16	-1.68598
4	104297000	17	-1.9787
4	104298000	18	-1.98235
4	104299000	18	-1.92796
4	104300000	21	-1.23571
4	104301000	22	-1.33946
4	104302000	12	-1.7761
4	104303000	13	-1.43889
4	104304000	18	-1.95657
4	104305000	14	-1.01751
4	104306000	17	-1.86996
4	104307000	20	-1.55595
4	104308000	29	-1.86115
4	104309000	8	-1.04184
4	104310000	7	-1.49246
4	104311000	8	-1.11122
4	104312000	19	-1.83453
4	104313000	22	-1.19199
4	104314000	12	-1.80978
4	104315000	18	-1.67677
4	104316000	31	-1.95489
4	104317000	11	-1.75774
4	104318000	15	-1.61437
4	104319000	23	-1.69183
4	104320000	16	-1.94968
4	104321000	22	-0.646914
4	104322000	10	-1.53642
4	104323000	13	-1.83788
4	104324000	9	-0.606679
4	104325000	24	-2.12579
4	104326000	13	-1.84254
4	104327000	19	-1.32689
4	104328000	14	-1.7451
4	104329000	17	-1.74871
4	104330000	16	-1.49627
4	104331000	15	-1.45639
4	104332000	14	-1.68523
4	104333000	22	-1.22577
4	104334000	17	-1.97371
4	104335000	24	-1.61518
4	104336000	10	-1.56905
4	104337000	22	-1.71824
4	104338000	14	-1.61503
4	104339000	15	-1.80028
4	104340000	23	-1.74603
4	104341000	15	-1.66498
4	104342000	9	-1.62208
4	104343000	19	-2.02496
4	104344000	13	-1.77106
4	104345000	13	-1.74768
4	104346000	17	-1.71759
4	104347000	10	-1.35306
4	104348000	21	-1.84395
4	104349000	15	-1.32919
4	104350000	16	-1.65676
4	104351000	13	-1.75759
4	104352000	13	-1.15674
4	104353000	7	-1.35638
4	104354000	14	-1.78121
4	104355000	10	-1.5752
4	104356000	14	-1.86213
4	104357000	20	-2.02274
4	104358000	4	-1.20258
4	104359000	9	-1.45068
4	104360000	14	-0.717965
4	104361000	16	-1.79297
4	104362000	16	-1.12684
4	104363000	11	-1.18002
4	104364000	14	-1.86985
4	104365000	16	-1.9061
4	104366000	17	-1.95795
4	104367000	18	-1.59944
4	104368000	21	-1.54831
4	104369000	7	-1.37589
4	104370000	11	-1.49692
4	104371000	17	-0.893103
4	104372000	23	-1.37455
4	104373000	12	-1.62483
4	104374000	15	-1.20823
4	104375000	18	-1.53457
4	104376000	13	-1.21879
4	104377000	20	-2.02656
4	104378000	13	-1.26631
4	104379000	22	-1.88859
4	104380000	26	-1.62226
4	104381000	25	-2.07418
4	104382000	12	-0.918294
4	104383000	12	-1.08494
4	104384000	18	-1.32856
4	104385000	17	-1.57007
4	104386000	21	-1.08794
4	104387000	16	-1.22502
4	104388000	15	-1.41601
4	104389000	9	-1.29692
4	104390000	19	-1.98496
4	104391000	16	-0.863484
4	104392000	9	-0.488204
4	104393000	17	-1.00018
4	104394000	14	-1.21117
4	104395000	15	-0.56093
4	104396000	17	-1.73186
4	104397000	13	-1.44181
4	104398000	14	-1.57215
4	104399000	13	-1.85005
4	104400000	12	-1.80144
4	104401000	13	-1.50868
4	104402000	18	-1.17863
4	104403000	13	-1.1383
4	104404000	12	-1.45398
4	104405000	10	-1.21016
4	104406000	18	-1.55719
4	104407000	22	-1.06376
4	104408000	17	-0.803558
4	104409000	19	-1.37365
4	104410000	13	-1.82539
4	104411000	16	-0.409926
4	104412000	14	-0.78061
4	104413000	16	-0.986993
4	104414000	16	-0.251086
4	104415000	16	-1.69592
4	104416000	24	-1.42567
4	104417000	28	-1.40888
4	104418000	21	-1.30273
4	104419000	18	-0.797145
4	104420000	19	-1.49468
4	104421000	21	-1.40118
4	104422000	28	-1.46028
4	104423000	24	-1.65277
4	104424000	19	-1.08047
4	104425000	15	-1.90764
4	104426000	14	-1.07346
4	104427000	22	-1.54303
4	104428000	16	-1.1171
4	104429000	19	-2.03062
4	104430000	21	-1.3965
4	104431000	12	-0.0927643
4	104432000	21	-1.46325
4	104433000	25	-1.57038
4	104434000	14	-0.0740529
4	104435000	14	-0.527296
4	104436000	24	-0.846175
4	104437000	9	-1.6218
4	104438000	12	-0.821132
4	104439000	14	0.954258
4	104440000	17	-0.250478
4	104441000	15	0.869779
4	104442000	13	-0.232102
4	104443000	21	-0.865828
4	104444000	16	0.804611
4	104445000	10	-1.70851
4	104446000	27	-0.974478
4	104447000	8	-0.00593018
4	104448000	8	0.554519
4	104449000	2	-0.583409
4	104450000	0	nan
4	104451000	4	-0.0760738
4	104452000	14	-0.217913
4	104453000	21	-1.24348
4	104454000	17	-0.014977
4	104455000	12	0.281543
4	104456000	20	0.856625
4	104457000	18	0.846243
4	104458000	15	-0.0883711
4	104459000	5	1.74128
4	104460000	0	nan
4	104461000	26	0.855435
4	104462000	21	0.365866
4	104463000	31	-0.00973449
4	104464000	26	-0.997993
4	104465000	25	-0.0568537
4	104466000	26	0.0424035
4	104467000	9	1.75353
4	104468000	19	-0.56303
4	104469000	21	-0.514681
4	104470000	15	-0.130821
4	104471000	24	-0.432614
4	104472000	14	0.116795
4	104473000	26	0.596046
4	104474000	20	-1.29957
4	104475000	2	-0.929546
4	104476000	2	-0.924862
4	104477000	4	-1.17948
4	104478000	1	-0.677108
4	104479000	14	-0.756975
4	104480000	6	-0.423263
4	104481000	23	-0.0385921
4	104482000	12	-0.379963
4	104483000	25	-0.160648
4	104484000	17	-1.10105
4	104485000	15	-0.0832836
4	104486000	21	-1.49835
4	104487000	16	-0.632847
4	104488000	26	-1.20036
4	104489000	29	-1.47576
4	104490000	25	-1.17501
4	104491000	25	-0.179243
4	104492000	20	-1.38554
4	104493000	22	-1.1239
4	104494000	21	-1.73589
4	104495000	23	-0.285226
4	104496000	21	-1.71864
4	104497000	18	-1.9891
4	104498000	13	-0.387365
4	104499000	15	-1.29667
4	104500000	15	-1.12104
