4	102500000	164	-0.80911
4	102510000	167	-1.19686
4	102520000	236	-1.79012
4	102530000	228	-2.16879
4	102540000	232	-1.87509
4	102550000	204	-1.88854
4	102560000	167	-1.30539
4	102570000	172	-0.58339
4	102580000	154	-1.6415
4	102590000	156	-0.724093
4	102600000	137	-0.49721
4	102610000	199	-0.932141
4	102620000	157	-0.761912
4	102630000	159	-1.29797
4	102640000	159	-0.7688
4	102650000	155	-1.22133
4	102660000	119	-0.765853
4	102670000	133	-1.08345
4	102680000	164	-1.3472
4	102690000	138	-1.65465
4	102700000	196	-1.81588
4	102710000	148	-1.01437
4	102720000	130	0.473203
4	102730000	145	-1.27942
4	102740000	156	-1.51873
4	102750000	139	-1.45238
4	102760000	119	-1.75181
4	102770000	155	-0.979195
4	102780000	139	-1.06536
4	102790000	163	-0.633967
4	102800000	151	-1.46915
4	102810000	106	-1.54121
4	102820000	154	-1.70457
4	102830000	140	-1.92105
4	102840000	143	-2.08871
4	102850000	153	-1.44686
4	102860000	105	-1.95556
4	102870000	138	-1.52894
4	102880000	127	-1.73816
4	102890000	128	-1.7417
4	102900000	117	-1.95665
4	102910000	153	-1.62712
4	102920000	128	-1.8737
4	102930000	148	-2.13919
4	102940000	140	-1.61008
4	102950000	164	-1.38677
4	102960000	118	-1.50742
4	102970000	137	-1.09227
4	102980000	112	-1.35173
4	102990000	135	-1.71785
4	103000000	143	-0.878972
4	103010000	166	-1.69726
4	103020000	142	-1.247
4	103030000	178	-1.53726
4	103040000	138	-0.834644
4	103050000	170	-1.31033
4	103060000	153	-2.08679
4	103070000	136	-1.68311
4	103080000	149	-1.95742
4	103090000	149	-0.613209
4	103100000	171	-0.245143
4	103110000	168	-0.465029
4	103120000	116	-0.422944
4	103130000	157	-0.821178
4	103140000	175	-1.4738
4	103150000	234	-0.308289
4	103160000	226	0.410376
4	103170000	184	0.0236748
4	103180000	176	-1.04395
4	103190000	174	-1.08976
4	103200000	196	-0.809485
4	103210000	163	-0.200823
4	103220000	136	-1.60627
4	103230000	142	-1.67409
4	103240000	145	-2.1544
4	103250000	169	-2.0571
4	103260000	133	-1.70323
4	103270000	141	-1.94703
4	103280000	166	-0.60495
4	103290000	129	-0.947385
4	103300000	165	-0.797742
4	103310000	192	-1.4503
4	103320000	156	-0.756514
4	103330000	139	-0.960642
4	103340000	174	-1.12793
4	103350000	148	-1.19536
4	103360000	169	-1.37263
4	103370000	167	-1.64119
4	103380000	157	-1.65468
4	103390000	187	-1.72434
4	103400000	160	-1.61078
4	103410000	137	-1.4005
4	103420000	149	-1.68832
4	103430000	117	-1.47818
4	103440000	164	-1.58757
4	103450000	140	-1.55844
4	103460000	164	-1.72506
4	103470000	143	-1.64337
4	103480000	164	-1.49077
4	103490000	152	-1.95478
4	103500000	136	-0.928298
4	103510000	168	-1.35073
4	103520000	122	-1.40976
4	103530000	152	-1.98329
4	103540000	152	-1.06755
4	103550000	205	1.34756
4	103560000	132	-2.16623
4	103570000	138	-0.992365
4	103580000	172	-2.05028
4	103590000	169	-2.02543
4	103600000	147	-1.69328
4	103610000	130	-1.3719
4	103620000	119	-1.9287
4	103630000	150	-2.04592
4	103640000	172	-2.25508
4	103650000	170	-2.22465
4	103660000	175	-2.42936
4	103670000	148	-2.21049
4	103680000	133	-1.57471
4	103690000	136	-1.16194
4	103700000	162	-0.862796
4	103710000	189	-1.31336
4	103720000	202	-1.73307
4	103730000	200	-1.06897
4	103740000	222	-1.72055
4	103750000	143	-1.11543
4	103760000	171	-1.71728
4	103770000	132	-1.22568
4	103780000	148	-1.18985
4	103790000	182	-1.7069
4	103800000	137	-1.11865
4	103810000	87	-1.41321
4	103820000	59	-0.0522241
4	103830000	52	-0.0970991
4	103840000	91	-0.60699
4	103850000	83	-0.14324
4	103860000	72	-1.07452
4	103870000	88	-0.837886
4	103880000	85	-0.919633
4	103890000	99	-0.784757
4	103900000	147	-1.26525
4	103910000	128	-1.25373
4	103920000	140	-1.22806
4	103930000	173	-0.974602
4	103940000	133	-1.77642
4	103950000	146	-2.07583
4	103960000	142	-2.27036
4	103970000	141	-2.0966
4	103980000	123	-2.07931
4	103990000	133	-2.40523
4	104000000	152	-1.6568
4	104010000	130	-1.51187
4	104020000	145	-1.69561
4	104030000	130	-1.53826
4	104040000	145	-1.86885
4	104050000	140	-1.40938
4	104060000	145	-1.41806
4	104070000	131	-1.81606
4	104080000	150	-1.40391
4	104090000	142	-1.74427
4	104100000	140	-1.62928
4	104110000	123	-1.56279
4	104120000	165	-1.33454
4	104130000	178	-1.80988
4	104140000	198	-1.71754
4	104150000	216	-1.99624
4	104160000	175	-1.35125
4	104170000	111	-0.581261
4	104180000	232	-1.86718
4	104190000	208	-1.82335
4	104200000	165	-1.83452
4	104210000	172	-1.09875
4	104220000	166	-1.53605
4	104230000	141	-1.11192
4	104240000	175	-1.34011
4	104250000	166	-1.03869
4	104260000	136	-1.62501
4	104270000	162	-1.77895
4	104280000	174	-1.69438
4	104290000	166	-2.19896
4	104300000	173	-2.02148
4	104310000	162	-2.16653
4	104320000	155	-2.07405
4	104330000	165	-2.11555
4	104340000	154	-2.28915
4	104350000	120	-2.31507
4	104360000	148	-2.06246
4	104370000	161	-1.94626
4	104380000	167	-1.84263
4	104390000	147	-1.77269
4	104400000	153	-1.73583
4	104410000	179	-1.43267
4	104420000	192	-1.88956
4	104430000	162	-1.05472
4	104440000	137	-0.383607
4	104450000	126	0.171292
4	104460000	203	0.0106295
4	104470000	121	-0.518427
4	104480000	190	-0.987701
4	104490000	200	-1.41282
4	104500000	173	-1.78802
