34098336	-0.0846371
34098545	-0.0832436
34098888	-0.0893654
34099630	-0.0862429
34099711	-0.0907005
34100008	-0.0907005
34100085	-0.548917
34100362	-0.548917
34100683	-0.086932
34100730	-0.0898914
34101765	0.416523
34102524	-0.672998
34102531	-0.668782
34102977	0.0637571
34103155	-0.624698
34103207	-0.658692
34103208	-0.636359
34103371	-0.63301
34103418	-0.601007
34103433	0.00441234
34103620	-0.617974
34104792	0.234052
34105326	-0.672816
34105429	-0.761494
34105715	-0.737705
34105869	-0.737705
34106260	0.104235
34106336	-0.737705
34107391	0.0557126
34107489	0.110849
34107523	-0.739772
34108305	0.705342
34108343	-0.75213
34108835	0.215892
34109310	-0.753441
34109410	-0.776805
34109624	-0.774269
34109638	0.240758
34112514	0.154649
34113671	0.222891
34114354	0.115248
34115613	0.133666
34115659	0.117565
34115686	0.114965
34115869	0.127864
34115944	-0.741134
34116289	0.108256
34117879	0.103795
34120227	-0.676505
34120705	0.112449
34123814	0.109231
34124535	0.104829
34125240	0.104829
34125873	-0.712563
34125887	0.104829
34126170	-0.73828
34126533	0.104829
34127122	-0.73828
34127463	-0.73828
34127472	0.104829
34127839	0.104829
34128031	0.104829
34129040	0.119856
34129201	-0.744218
34129394	0.480894
34129399	0.113799
34130015	0.4637
34130164	-0.732789
34130195	-0.701709
34130342	0.124194
34130406	0.124194
34131716	-0.757034
34131901	0.124194
34132557	0.124194
34132964	0.124194
34133552	0.143913
34133586	-0.776131
34133587	0.143913
34134698	0.10393
34134892	-0.713322
34134926	-1.03932
34135072	-0.704099
34136028	-0.67489
34136096	0.0656829
34136307	0.625882
34137087	-0.697056
34137524	0.062262
34137686	0.0578106
34137713	-0.699341
34137875	-0.69691
34137932	0.0621113
34138028	0.0640032
34138451	0.0595887
34138993	0.0595887
34139217	-0.323659
34139278	-0.722236
34140501	0.255693
34141528	0.13908
34141632	0.144599
34141747	0.139006
34141875	-0.77586
34144579	-0.782996
34144673	0.191439
34146502	-0.767813
34147488	0.185126
34147506	0.675281
34149914	0.556563
34150502	-0.69405
34150825	0.19154
34150839	0.11148
34150954	0.193383
34151771	0.201778
34153107	0.667029
34154432	-0.561847
34157276	-0.0492105
34157709	-0.12525
34160193	-0.049672
34160326	0.279755
34162887	-0.588449
34164083	-0.191464
34167180	-0.467417
34168153	-1.10125
34169879	0.0229805
34169960	-0.601036
34170562	0.0246816
34170701	0.0201442
34171389	-0.162269
34172007	-0.640412
34172784	-0.622118
34174296	0.00163399
34174377	-1.1626
34177486	-0.625053
34179687	-0.141076
34181383	-0.705033
34183765	-0.1123
34183889	0.194408
34185956	0.527094
34187180	-0.665591
34188712	-0.275801
34188981	0.788607
34188982	-0.247009
34189564	-0.010175
34189648	0.0277699
34190423	-0.683505
34190762	0.470186
34190953	-0.775175
34191198	0.719257
34191317	-0.26759
34191601	-0.733038
34192092	-0.223161
34192843	-0.784718
34193465	-0.785041
34193578	-0.76106
34193747	0.0817134
34195155	-0.824326
34196278	-0.788303
34196441	-0.805588
34196484	0.0543418
34196873	-0.813598
34197185	0.273705
34197245	0.276599
34197579	0.172717
34197656	-0.985677
34198388	-0.999898
34198395	0.265909
34199650	-0.0490573
34199721	-0.994029
34199839	-1.00363
34199849	-1.00308
34199925	0.255893
34200179	-0.0603355
34201013	-1.07692
34201285	-0.825731
34201657	0.396298
34202030	-0.894068
34202276	-0.463788
34202701	-0.493381
34202953	-0.793007
34203034	1.01324
34203390	0.39544
34203862	-0.509871
34204053	0.488602
34204217	-1.63679
34204396	-0.918204
34204464	-0.439962
34205131	-0.442437
34205776	1.35421
34205805	1.32974
34205808	-0.208174
34206148	-0.571822
34206454	-0.291788
34207445	-0.361247
34207541	-0.352009
34207614	-0.332883
34208200	-0.428542
34208798	-0.780983
34209129	-0.136747
34209981	-0.286955
34210968	-0.707778
34211327	-0.730771
34212829	-0.704632
34212883	0.728905
34212952	0.142331
34212963	-0.520285
34213085	1.32422
34213286	-0.507788
34213734	-0.0964007
34213873	-0.47884
34214120	0.104541
34214367	-0.514425
34214501	-0.642367
34214502	-0.608477
34214878	-0.0576459
34214965	-0.606935
34215363	-0.0239193
34215404	-0.571101
34215606	-0.293156
34215900	-0.757293
34216012	-1.28982
34216363	-0.266447
34216830	0.567031
34216881	-0.265732
34216916	0.901176
34217560	0.849955
34218329	-1.05665
34218390	-0.983735
34218556	0.17192
34220504	0.289353
34220894	0.210519
34221249	-0.949757
34222503	-0.83468
34224112	-0.951193
34224283	-0.948584
34224361	0.574298
34226614	0.430172
34227327	-0.0309669
34227968	0.0335554
34228306	-0.847539
34228554	-1.5217
34228989	-0.831293
34229830	0.380822
34230034	-2.07718
34230517	-0.694962
34230644	-1.10207
34230870	1.23252
34230908	-0.758977
34231594	-0.693549
34231599	-0.864332
34232314	-0.754644
34232790	0.720028
34233038	-0.58607
34233104	-0.591867
34233346	-0.565798
34233631	-0.0769669
34233979	0.429881
34234145	-0.872737
34234883	0.194798
34234959	1.1129
34235023	1.11405
34235667	-0.813215
34235891	0.108693
34235963	-0.971171
34235986	-0.12858
34236126	-0.789438
34236560	-0.785693
34236698	1.33707
34236701	-0.793684
34236890	0.109938
34236916	0.355529
34237098	-2.32789
34237193	0.247972
34237292	1.3941
34237529	-0.941264
34238019	-0.945713
34238449	1.44201
34239390	0.58761
34239730	-0.265278
34239877	-1.26543
34239946	0.0583812
34240171	0.640801
34240172	0.640801
34240357	0.625815
34240676	-1.4881
34240897	-1.4894
34241233	-0.204929
34241381	0.200539
34241606	-0.785573
34242078	-0.954384
34243227	0.204473
34243397	-0.750995
34244501	-0.683952
34247028	0.732975
34247068	0.732515
34247462	0.104479
34248229	0.682044
34248540	-0.751471
34248566	-0.757478
34248586	-1.17142
34248619	-1.17354
34248689	0.223314
34249011	-1.06821
34249091	0.263542
34250077	0.279056
34250099	0.278813
34250350	-1.20304
34250559	0.387997
34251242	0.360856
34251360	-1.09702
34251593	0.271319
34251607	0.273783
34251677	-1.12848
34251695	-1.12987
34251855	0.261755
34251991	-1.12134
34252191	0.8963
34252388	-1.10572
34252533	0.239011
34252632	-1.10934
34252733	0.244446
34252752	0.242773
34253063	0.246253
34253140	0.242215
34253181	-1.10101
34253225	1.75124
34253263	-0.204222
34253269	1.75813
34253350	1.63317
34253421	-0.239979
34253683	-0.186561
34253879	-0.18248
34253951	-0.180099
34254039	0.731559
34254075	-0.510536
34254249	1.27102
34255176	-1.79066
34256153	1.41606
34256377	-0.442684
34256447	-0.429836
34256555	0.518896
34256977	1.36284
34257064	-0.0976098
34257132	-1.42935
34257577	0.966557
34257916	-0.818553
34259820	-0.843956
34260343	0.584156
34260708	1.25276
34260788	-0.590928
34263307	0.719256
34264497	0.780277
34264591	0.77697
34264851	0.605778
34265140	0.498227
34266507	0.520013
34266546	-0.97095
34266561	0.433236
34266683	0.549468
34266960	-0.877835
34267614	0.621244
34267749	-1.41881
34268010	0.506714
34268267	-1.41903
34268741	-0.968198
34268771	0.787774
34270386	1.25451
34270645	1.50667
34270869	-1.16643
34270899	-1.13897
34271143	-1.13249
34271247	0.644149
34271265	1.51256
34271712	-1.32127
34272353	-1.31634
34272688	-1.14781
34273669	-1.22687
34274021	-0.128187
34275289	1.26139
34276014	-2.13375
34276257	-1.14563
34276503	1.22651
34276504	0.588672
34277071	-0.818238
34277082	-2.0794
34277359	-1.08575
34277386	-1.85354
34278541	-2.02474
34278600	1.16478
34278873	-2.02292
34278960	-2.01582
34279015	-2.0177
34279425	-2.01984
34281019	1.09116
34281496	-1.01489
34281748	0.353207
34281959	1.0961
34282229	-1.18667
34282684	-1.23773
34282979	-1.22381
34283861	1.06585
34285370	-0.95763
34288953	0.303511
34288980	-0.918917
34289241	0.483309
34291492	-0.914321
34292275	0.490929
34292525	-0.91822
34292736	-0.913811
34292886	-0.913811
34293912	-0.909691
34294162	1.08235
34294185	-0.755461
34294560	0.695259
34294610	-0.319415
34294820	-0.717254
34295026	0.0439437
34295366	-0.679575
34295380	-0.672236
34295746	-0.682898
34297211	1.15963
34297384	-0.665591
34297505	-0.665591
34297541	-0.281292
34297638	-0.287001
34297791	-0.292038
34297823	1.52449
34297971	0.612835
34298338	-0.798529
34298383	-0.60027
34298448	0.635659
34298509	-0.663451
34298518	0.102402
34298731	0.603841
34298874	-0.720771
34299038	0.431884
34299433	-1.31106
34301304	-0.713314
34301517	0.523318
34301667	-1.29278
34301723	0.525677
34302118	0.51951
34302284	0.80308
34303395	-0.900115
34304477	0.192242
34304825	0.826189
34305122	0.0219968
34305698	-1.25275
34306082	0.369723
34306729	0.0397254
34306802	-0.504172
34307712	-0.296224
34307925	-0.0747719
34308774	-0.286959
34309237	-0.428142
34309519	-0.412675
34309863	0.330928
34310205	0.984489
34310403	0.266465
34310975	-0.481598
34311031	-0.08546
34311435	-0.465871
34311637	-0.137525
34311858	-0.448094
34311859	0.00639377
34312019	-0.08951
34312247	-0.350701
34312300	0.0125261
34312530	-1.97344
34312648	-0.0750329
34312996	-0.494949
34312998	1.3954
34313135	-0.252757
34313216	-1.48227
34313693	-1.48057
34314048	1.63251
34314176	1.04649
34314249	1.69635
34314302	1.69493
34314373	-0.476277
34314814	0.726406
34314986	-1.87166
34315134	0.748586
34315216	-1.2951
34315234	0.675721
34315274	-0.50041
34315285	0.031433
34315325	0.739446
34315374	0.749934
34315438	1.01209
34315545	0.175437
34315559	-1.25356
34315840	0.363977
34315919	-1.36194
34316266	-0.542892
34316436	0.984696
34316589	-0.300175
34316756	0.550353
34318576	0.584538
34318636	-0.0406306
34318749	-0.0171915
34319257	-0.494102
34319458	0.850236
34319648	-0.214192
34319674	-0.310552
34320078	0.283943
34320255	-0.0248207
34320849	0.0442815
34321193	0.110396
34321466	-0.990027
34321876	-1.34494
34323418	-1.17102
34324297	0.881332
34324788	-1.44936
34325250	-0.719524
34325251	-0.743853
34325321	1.25996
34326471	1.17419
34327576	0.0679151
34328377	0.383134
34328463	-0.153355
34328931	1.41915
34329372	-0.426927
34330500	-0.172203
34330867	-0.556803
34332025	1.30166
34332320	-0.796749
34333647	-0.797572
34333824	-0.261692
34333973	-0.748705
34334905	-0.449986
34335687	-1.11198
34336647	-0.924851
34337173	-0.946394
34337339	-0.424268
34337400	-0.890764
34337564	0.509632
34337707	-0.595931
34338180	-1.26305
34338342	-1.11937
34338766	-0.912772
34339240	-1.24582
34339718	-0.852343
34339834	-0.689002
34342785	-1.28755
34343483	0.763554
34343874	-0.653488
34343953	-0.671752
34344488	0.898552
34344718	0.86257
34345441	-0.16755
34345618	0.696257
34345696	1.57732
34347128	0.486227
34349344	-0.300881
34349427	-0.652817
34349623	-0.0314785
34349976	-0.476386
34350353	0.563277
34352147	0.0172292
34352436	0.583033
34352850	0.957983
34352852	-0.0101969
34353226	1.41151
34354076	0.871157
34354865	-0.117517
34354913	0.30924
34355099	0.910117
34355507	-0.330389
34356829	0.520735
34357036	0.857587
34357080	-0.145414
34358247	-0.347646
34358300	-1.03588
34358408	0.762632
34358476	-0.144725
34358572	0.623659
34359571	0.025296
34359714	-0.442623
34360235	0.0136869
34360245	-0.229677
34360470	0.597007
34361786	0.014094
34361880	0.014094
34362545	0.014094
34362770	0.350321
34362999	0.46097
34363452	-0.264583
34363614	-0.266283
34363768	-1.09236
34364111	0.486048
34364133	-0.615857
34364512	0.507481
34364620	0.950143
34365210	0.231307
34366302	0.818667
34366431	0.597036
34366667	-0.147263
34366783	-0.368918
34367033	-0.368526
34367176	-0.155583
34367362	-0.369323
34367363	-0.146874
34367522	-0.172616
34367661	-0.342531
34368214	0.893874
34368417	-0.165528
34368750	-0.164363
34368940	-1.38988
34368962	0.874262
34369054	0.946549
34369938	-0.164618
34370236	0.856793
34370549	0.617623
34370607	-0.148868
34370668	0.617825
34370840	0.608912
34371084	0.83128
34371218	0.705393
34371398	1.02142
34371557	-0.0392263
34371779	-0.0404264
34371918	1.02902
34372094	-0.185521
34372621	0.841691
34372865	-0.287036
34372970	-0.287036
34373057	-0.287036
34373285	-0.493906
34373293	-0.022881
34373294	-0.022881
34373380	-0.274131
34373406	-0.282931
34373443	-0.520381
34373463	-0.226819
34373828	-0.251831
34373974	-0.260087
34374116	-0.250522
34374207	-0.255631
34374297	-0.255631
34374980	-0.31459
34375450	0.469467
34375880	-0.425374
34375887	-0.102491
34376317	-0.224479
34376882	0.502885
34377086	-0.210261
34377114	-0.292078
34378381	-0.2182
34379220	-0.219027
34379275	-0.282287
34379280	-0.0964265
34379503	-0.179733
34379613	1.28733
34380446	-0.13659
34380454	-0.13659
34380706	0.872409
34380727	0.477534
34381075	0.828288
34381255	-0.865886
34381257	-0.865886
34382060	0.465411
34382156	-0.997528
34382332	0.484339
34382756	1.33886
34383657	0.544179
34383672	-1.08854
34383858	-1.08854
34384033	0.544179
34384343	0.544179
34384576	0.544179
34384722	1.21103
34384728	1.9587
34385143	0.62592
34385622	-1.163
34385970	1.92579
34386060	-0.245384
34386299	0.494422
34386500	0.494422
34386613	0.0698611
34387372	1.94368
34388753	1.93628
34389023	-1.90793
34389258	1.54317
34390376	1.53588
34390581	-1.92051
34390828	1.53321
34391228	-1.91635
34391604	-1.92121
34391701	1.72475
34391717	-2.11365
34391847	2.22734
34392088	1.27988
34392628	2.00551
34392928	-1.92499
34393968	1.06266
34394466	1.54779
34394696	-1.92742
34396300	0.572078
34396539	1.63345
34397020	0.610696
34397155	0.610696
34397742	0.610696
34398171	-1.96138
34398431	-1.95785
34398577	1.98026
34398786	-1.95123
34399002	2.39205
34399185	1.02757
34399619	2.00308
34399632	-1.96857
34399817	1.59348
34400322	1.5996
34400348	-1.97388
34401083	1.59439
34401113	-1.96937
34401161	-1.96829
34401708	2.03566
34401991	1.60116
34402592	1.5909
34402692	1.63816
34402778	1.34134
34402939	1.34343
34403495	2.31366
34404382	1.74062
34404491	1.31361
34404754	0.520252
34405010	0.553862
34405013	-0.916021
34405407	1.39868
34405546	0.30367
34409331	1.69735
34409822	0.783796
34410017	0.452626
34410924	0.705399
34411194	1.50671
34412806	0.719651
34412897	0.716652
34413218	-1.34711
34413865	1.41914
34414176	0.502575
34414798	0.728397
34415281	1.81475
34415376	1.36626
34415592	0.436712
34415699	-1.44951
34415872	-1.4469
34416247	0.213204
34416613	1.23922
34416666	1.6877
34416929	1.16834
34417123	0.172836
34417143	-0.262459
34417174	-0.253433
34417222	0.268594
34417274	1.44839
34417444	2.42288
34417739	-1.0809
34417870	-0.157701
34418265	0.393037
34418368	-0.415977
34418841	0.612534
34418885	0.419555
34420530	-1.06154
34420723	0.522902
34420930	1.42264
34420978	-0.899378
34421312	0.268201
34422018	1.65083
34422194	1.43544
34422715	0.565522
34422869	0.468214
34422938	0.602687
34422976	1.98042
34422989	-1.26833
34423227	1.97636
34423492	2.03342
34423616	-1.24023
34423774	0.506517
34424407	1.77917
34425327	2.19706
34425960	-0.123041
34426259	-0.541358
34426273	-0.126327
34426285	0.814737
34426347	-0.474112
34426350	-0.192959
34426408	-0.170321
34426577	-0.168723
34426808	-0.50165
34426956	-0.312544
34427185	-0.528622
34427484	-0.208079
34427592	-0.21023
34427663	-0.212697
34427724	0.184319
34428068	-0.162421
34428074	-0.20987
34428247	-0.579892
34428362	-0.216979
34428377	0.870705
34428505	-0.172707
34428565	-0.204383
34428594	-0.162684
34428599	-0.163778
34428671	-0.169288
34429222	1.70971
34429292	-0.459325
34429314	-0.396375
34429441	-0.469147
34429827	-0.198426
34430032	0.857364
34430190	1.66907
34430577	0.94044
34430775	-0.520816
34430805	-0.518932
34430950	-0.422482
34431207	-0.51738
34431302	-0.129931
34431380	0.976917
34431477	-0.431127
34431488	0.809729
34431506	-0.140323
34431654	-0.145397
34431677	-0.518872
34432017	-0.398547
34432130	-1.44598
34432211	-0.43478
34432451	0.972352
34432569	-0.404358
34432592	-0.0632632
34432638	0.195026
34432716	0.806568
34432757	-0.0620784
34432900	0.982183
34433069	0.982163
34433205	-0.42908
34433444	-0.387512
34433455	-0.388851
34433775	0.980179
34433968	-0.072391
34434010	-0.454009
34434323	-0.428821
34434340	-0.377345
34434345	-0.374101
34434517	-0.447276
34434595	-0.540007
34434597	-0.539522
34434622	-0.202614
34434632	-0.671345
34434761	-0.36665
34434839	-0.0800144
34434898	-0.475043
34434927	0.379345
34435170	-0.488612
34435329	-0.285783
34435452	0.788393
34435482	-0.273511
34435642	-0.572273
34435645	0.361905
34435741	0.383362
34435906	-0.251338
34435999	-0.253106
34436130	-0.533737
34436210	-0.252594
34436240	0.773807
34436686	0.904338
34436707	-0.532399
34436794	-0.251621
34436969	-0.527433
34437027	-0.169792
34437099	-1.39599
34437121	-0.792183
34437304	0.023034
34437383	0.0642153
34437384	0.270715
34437394	-1.33959
34437541	-0.290611
34437612	0.0421728
34437698	-0.822192
34437732	-1.04237
34437734	0.30735
34437783	0.665255
34438016	0.137204
34438320	0.136706
34438380	0.14684
34438408	0.681109
34438558	0.242784
34438623	-0.892599
34438843	0.497576
34438859	-0.881531
34439132	0.240629
34439281	0.139199
34439293	0.240651
34439410	-0.904322
34439422	-0.904322
34439445	-0.233792
34439616	0.854561
34439721	0.664948
34439832	0.160327
34439866	0.161687
34439880	0.665018
34440000	0.0763898
34440025	-0.195826
34440084	-0.0223052
34440538	-0.685068
34440668	-0.686617
34442228	0.609678
34442452	-0.371948
34442997	0.380843
34443178	0.0527528
34443365	0.353167
34443471	0.015317
34443640	0.0523717
34443753	0.0837198
34443757	-0.0862183
34443816	0.40977
34443951	0.409548
34444013	-0.0771771
34444031	0.531611
34444168	0.534155
34444174	0.753535
34444185	-0.593925
34444338	-0.0304051
34444345	-0.201032
34444496	0.458828
34444511	-0.0254923
34444743	0.00462768
34444876	-0.0360409
34444967	-0.00498266
34444995	-0.016325
34445032	-0.0349273
34445111	-0.0349273
34445376	-0.0349273
34445610	-0.0349273
34445629	-0.0329892
34445785	-0.686995
34445917	-0.00937253
34446039	0.458932
34446071	-0.622371
34446221	0.899068
34446222	-0.0072745
34446316	0.00894987
34446338	-0.645425
34446574	0.00523371
34446608	-0.641826
34446641	-0.641826
34446849	0.853946
34446903	-0.639657
34446960	-0.648818
34447112	0.766066
34447141	-0.67091
34447220	0.910805
34447300	0.163028
34447414	0.26963
34447423	0.265183
34447493	0.246833
34447586	0.539714
34447661	-0.879897
34447757	0.244268
34447919	-0.887771
34447940	0.263728
34448269	-0.897471
34448476	0.264876
34448609	0.890875
34449058	-0.89361
34449089	0.750258
34449105	-0.892374
34449188	0.343088
34449685	0.319665
34449828	-0.94634
34449903	0.527041
34450244	-0.949635
34451022	0.322215
34452228	0.83339
34452374	0.521623
34452724	0.525434
34453202	-1.38608
34453965	0.824082
34454061	0.830237
34454074	0.879848
34454079	0.295442
34454147	-0.574126
34454529	0.776969
34454974	0.855126
34455309	-0.317201
34455941	0.86802
34455975	0.86802
34456108	0.476079
34456149	-1.27811
34456188	0.938218
34456334	1.68303
34456556	0.698331
34456625	0.204015
34456626	-1.46824
34456711	0.159713
34456941	-0.180154
34457304	0.802142
34457572	0.2205
34457654	0.656317
34458861	0.23371
34459717	-0.678515
34460231	1.26623
34460541	-0.612049
34460711	0.639179
34460769	0.509427
34461568	-0.27209
34461703	-0.274845
34462778	0.0835438
34463016	0.436039
34463593	-0.0440471
34463739	0.815675
34463760	-0.00499608
34463872	0.510951
34463875	-0.161114
34464083	0.151139
34464748	0.645488
34466779	0.0355124
34467024	0.0341686
34467146	0.501799
34467272	0.0360506
34467490	0.0346968
34467538	0.641173
34467646	-0.802897
34467848	-1.19517
34468639	-1.31853
34468936	-0.118458
34469295	-0.481836
34469324	0.637862
34469656	0.873069
34469775	0.0912099
34470679	-0.19753
34473422	0.76415
34474518	1.30393
34475099	0.07601
34475749	-0.402727
34475788	0.0611453
34476539	0.35481
34477125	0.363795
34477876	-0.689929
34478073	0.353035
34481095	-0.233112
34482189	0.704031
34482908	-0.253834
34483147	-0.253834
34483894	-0.378757
34484205	-0.413078
34484234	-0.408992
34484283	0.0807075
34484542	-0.203962
34484973	-0.404872
34486604	0.752368
34487192	0.310085
34487197	-0.192377
34487729	0.691581
34488829	0.16714
34488830	-0.154898
34489252	-0.0629989
34490537	-0.418132
34491314	0.0647938
34491680	0.0647938
34491941	0.669755
34492309	0.750632
34492443	-0.729643
34492747	-0.732423
34493638	0.384461
34493801	0.659669
34494569	0.70122
34495358	0.719979
34495807	0.709943
34496466	0.0412979
34496544	0.742322
34498286	-0.567589
34498602	0.730137
34498846	-0.0209111
34499874	-0.000325154
34500079	0.168572
34500431	0.786243
34500566	-1.39513
34500687	-0.0204594
34500798	-1.33578
34501064	0.00495684
34501166	0.784245
34501596	0.793372
34502042	-0.0182375
34502345	-1.38182
34503222	0.679644
34504292	-0.0134124
34504659	0.802584
34504711	-0.199698
34504720	0.690037
34505535	0.800593
34505855	0.991736
34505913	0.662125
34505926	-0.858035
34506338	-0.0648704
34507213	-0.522351
34507407	0.615028
34507879	-0.392059
34508128	0.253304
34508426	0.311464
34508427	0.311464
34508740	-1.02855
34508792	0.290643
34508851	0.286849
34509251	0.286434
34509408	0.595409
34509643	0.694813
34509791	0.176032
34509965	-0.118781
34510012	-0.927402
34510595	0.627157
34510681	-0.252169
34511046	0.997116
34511541	0.28661
34512109	-1.0239
34512177	0.282868
34512562	0.279803
34512751	-0.183531
34513025	0.562134
34513430	0.293282
34513571	0.0869337
34513932	-0.447821
34514271	0.278383
34514412	-0.214601
34514918	0.961965
34514941	-1.358
34516093	0.723883
34516150	-0.219142
34516250	-0.228708
34516626	-0.667875
34516711	0.348658
34516856	0.01514
34516984	0.671415
34517473	-0.820883
34517495	0.409481
34517777	-0.726926
34517970	-1.21825
34518000	-1.19116
34518024	-0.873491
34518041	-0.868076
34518122	0.447028
34518858	0.448513
34518938	0.447299
34519224	0.445964
34519357	0.450279
34519578	-0.863754
34519597	0.710442
34520162	0.479867
34520229	-0.915738
34520852	-0.336908
34521014	0.712939
34521649	-0.420019
34521866	0.336162
34521897	0.349058
34521917	0.347689
34522023	-0.769396
34522613	0.34502
34522865	-0.771531
34523050	0.983397
34523143	0.388252
34523173	-0.806485
34523506	0.381252
34523664	-0.796945
34523884	0.189694
34523968	-0.68572
34524218	0.269399
34525003	0.157806
34525089	0.228234
34525336	0.67351
34527152	0.683958
34527436	-0.173221
34527637	-0.16878
34527849	0.803953
34527901	0.801952
34528164	-0.63172
34528361	-0.624075
34528546	-0.627392
34528718	-0.639031
34528766	0.319302
34529178	0.17662
34529466	-0.801195
34529831	0.482855
34530271	-1.01952
34530875	-1.13376
34531162	0.281333
34531410	-0.239726
34531925	-0.606762
34532204	-0.638142
34532494	0.0229085
34532993	1.20537
34533002	-0.218088
34533861	0.504635
34534035	0.335893
34534657	-1.27616
34534902	-0.853439
34535131	-0.247821
34535585	-1.44967
34537316	0.680703
34538237	0.428552
34538322	-1.08411
34538483	-1.15083
34538539	-0.523578
34538688	0.401512
34539004	-0.537303
34540131	0.481921
34540469	-1.20138
34540649	0.47372
34541141	-1.2038
34541782	-0.536822
34542106	-1.20566
34542355	0.477792
34543449	0.4158
34543942	-1.14756
34544538	-0.628541
34545317	0.600426
34545853	-0.0171544
34546021	-0.631812
34546332	-0.124564
34546335	-0.218316
34547949	-0.159838
34548424	-0.191519
34548443	-0.187023
34548906	-0.224707
34549362	-0.231907
34549409	-0.422062
34549822	-0.865749
34551670	0.216561
34552526	-0.243571
34553092	-0.101065
34553876	-0.864578
34555191	-0.240906
34555274	1.9198
34555676	0.211323
34555937	-0.267376
34557095	-0.203252
34558278	-0.203755
34559068	-0.264797
34560246	-0.263738
34560674	-0.22412
34560776	0.00487205
34562176	-0.500448
34562247	-0.00418609
34562939	-0.122772
34563758	-1.09099
34564473	-0.992897
34565162	-0.996415
34566510	0.778242
34568126	0.347048
34568441	-0.874111
34568580	0.355247
34568598	0.175673
34568953	0.105206
34569199	-0.600036
34569467	0.101375
34570092	0.10745
34570140	0.106466
34570208	0.100993
34570688	-0.473396
34570951	0.0463952
34571204	-0.532288
34571836	-0.533865
34573817	0.0445355
34574024	-0.469215
34574227	-0.676296
34576585	0.560847
34577442	-1.11967
34577542	-0.968149
34577972	-1.01563
34578522	0.26723
34578586	-0.96799
34578603	-0.97078
34579376	-1.00859
34579556	-1.00546
34581455	-0.473685
34582801	0.397053
34583335	-0.0255192
34583467	-1.10992
34583533	0.782496
34583846	0.490988
34584241	0.312702
34584382	-1.49254
34584821	0.893685
34584938	1.16267
34585490	-0.184098
34585612	-0.148562
34585751	-0.737109
34585974	-0.754081
34586444	-0.539
34586765	-0.127504
34586937	-0.136002
34586970	-0.1333
34587242	-0.710007
34587599	-0.693823
34587903	-0.133259
34588036	-0.13009
34588089	-0.710046
34588172	-0.129795
34588309	-0.520168
34588356	-0.12438
34588712	-0.666089
34588798	-0.835678
34588886	-0.834806
34589275	0.077802
34589491	-0.00612935
34590268	0.00654776
34590600	-0.762733
34590711	-0.00101219
34590867	-0.765515
34590916	-0.757938
34590953	-0.00518028
34592026	-1.02654
34592786	-0.879622
34594522	-0.894064
34594611	-0.882582
34595608	-0.883966
34597587	0.156054
34597605	0.162551
34598118	0.144307
34598177	-0.890019
34599757	0.151195
34599993	-0.881087
34600241	0.149998
34600406	0.18837
34600412	-0.909865
34600907	0.152662
34602361	0.154436
34605183	0.00766609
34605435	-1.01117
34605742	-1.18071
34606614	0.057021
34606851	0.0602718
34607021	-1.1338
34607151	0.697025
34607890	0.507588
34608450	0.352593
34608822	0.143556
34609365	0.143479
34609541	0.149303
34609932	-1.02572
34610576	0.150436
34610722	0.352822
34611806	-1.07414
34611810	0.347659
34614555	-1.08332
34614887	0.205088
34615564	-0.75377
34615897	-0.893479
34615938	0.164293
34615968	0.20857
34616572	0.35169
34617336	-0.243364
34618756	0.172885
34619628	0.204316
34619741	0.333318
34620356	0.330064
34620874	0.327001
34621004	0.136468
34622004	0.100442
34622050	-0.966223
34622955	0.540177
34623724	-0.805286
34624902	-0.830273
34624962	0.894726
34625239	0.900765
34625582	-0.818786
34625681	0.891882
34625870	-1.57183
34626052	-0.827947
34626234	-1.54923
34626877	-0.497195
34627756	0.835881
34628152	0.838345
34628627	-0.788546
34628997	-1.51313
34629654	-1.51084
34629764	0.840272
34630309	0.105371
34630724	-0.755626
34631201	0.788189
34631479	0.846351
34632089	1.39069
34632090	1.39069
34632772	1.39047
34633482	1.36948
34633511	1.36276
34633521	1.36456
34633745	1.39146
34634173	0.566044
34636464	-1.39945
34637669	1.38449
34640304	-1.19469
34641598	-2.10122
34642493	-2.19354
34642668	-2.61277
34642823	-2.41443
34643721	1.49466
34643780	-2.1596
34644163	1.48291
34644183	-1.49162
34644393	1.44209
34644400	-1.50215
34644454	0.830171
34644669	-1.50215
34644830	1.50871
34645203	-1.50433
34646454	-2.79311
34646882	2.12043
34647528	1.88107
34647978	2.17997
34647989	1.10144
34648615	2.21838
34649306	0.163042
34649827	-0.932827
34650200	1.99003
34650764	-2.32394
34652308	0.229512
34653023	-0.893068
34653124	0.936005
34653771	-1.09311
34655244	1.16261
34656664	-1.63082
34657061	1.20548
34657144	-1.42707
34657221	-1.4349
34657902	1.00878
34657992	-1.35003
34658076	-1.4043
34658857	0.591367
34659688	0.40706
34659807	-0.876522
34659833	-0.878
34660618	-2.12664
34660659	0.104007
34661022	-1.85703
34661105	1.59059
34661853	-1.71793
34662120	-1.75015
34665865	-2.15594
34665925	-1.51021
34666063	-2.07893
34666262	-2.21999
34666850	-1.39993
34666863	-1.16376
34668143	-1.03578
34669090	-1.40432
34672161	-1.20241
34672889	-0.676365
34673520	-0.129392
34673774	-2.12359
34673884	1.84629
34674402	0.953531
34674475	-1.64012
34674882	1.8825
34675079	-0.581952
34676842	1.83558
34677360	-2.4765
34677511	1.59431
34678433	-0.763162
34678892	-0.523032
34680053	-2.42759
34680400	0.102977
34680598	-2.42796
34680853	-1.67895
34681462	1.63882
34681677	1.64538
34681761	-0.59776
34682762	-0.389865
34682767	-0.763567
34682962	1.6449
34683514	-0.0394323
34683578	-2.44792
34684543	-0.702608
34686005	-0.584872
34687193	-0.568726
34687346	-2.07934
34688523	1.47932
34689296	-0.781564
34690242	-0.758912
34690385	-0.748134
34690655	-1.72836
34690846	-0.0927881
34691134	1.61022
34691451	-2.39931
34691664	-0.00357244
34691738	1.61141
34691751	1.61317
34692305	1.44702
34693141	-0.725276
34693653	0.0861615
34694243	1.56236
34694335	-0.71422
34694394	-0.716699
34694856	0.879292
34695114	1.57913
34695389	-0.718728
34695525	-0.633946
34695771	-1.62545
34695895	-0.732301
34696457	0.496999
34697558	-2.1078
34698154	1.29745
34698590	-2.09962
34699269	1.31079
34699637	-0.399865
34699699	1.30383
34700007	-0.414492
34700467	-0.508352
34701617	1.31466
34702158	-0.347069
34702366	-0.466137
34702640	-0.464339
34703682	-1.93608
34703905	-0.347609
34703933	-0.181115
34704446	-2.1216
34704717	-0.464258
34705091	-0.462551
34705655	-0.339256
34706593	-2.11432
34707033	-0.330208
34707542	0.220881
34707898	-2.14068
34707941	-0.338066
34715778	1.34605
34716830	-0.530846
34717319	-0.458464
34717357	-2.16372
34717593	-0.360728
34717820	-0.310686
34718222	-0.524533
34718424	1.36204
34718779	1.36204
34718911	1.36629
34719256	-0.328318
34719527	1.36427
34719540	0.225489
34719693	-0.531426
34719749	1.36992
34719778	-0.462512
34719916	0.492134
34719949	-0.544766
34720279	-0.536961
34720294	-0.288535
34721313	-0.349069
34721566	-0.316588
34722205	1.34028
34723358	-0.533259
34723573	-1.36342
34723729	-1.36412
34724204	1.34109
34724672	-1.34208
34724677	-0.331001
34725028	-1.36618
34725175	1.34443
34725440	1.34448
34725909	-0.351552
34725915	-2.09169
34726475	0.213735
34726617	-0.361293
34726969	-1.36703
34727114	0.483116
34727172	1.3452
34727333	1.34777
34727708	-0.357247
34727846	0.487698
34728051	-0.532957
34729253	-0.363928
34729265	1.35679
34729371	1.35486
34729731	1.35486
34729887	-0.367592
34730058	0.19911
34730066	1.49653
34730083	-1.36437
34730814	-2.10916
34730999	1.35303
34731496	1.3515
34732225	-1.33996
34732891	-2.10704
34734692	-0.58532
34735042	0.27098
34736111	0.216549
34736561	-2.07248
34737366	1.31715
34737432	1.46825
34737444	0.201549
34739717	-2.2069
34741213	-0.322046
34741253	-2.00982
34742346	-0.29083
34742497	1.25214
34742772	1.23714
34742775	1.23609
34743263	-1.99712
34743350	-0.44693
34743494	-1.99691
34743504	-0.289033
34744472	-0.414915
34745964	-0.45583
34746289	-1.96131
34746360	-1.31968
34746385	-2.05279
34747336	1.25577
34747434	1.25193
34747650	-1.86416
34747739	1.24582
34748260	1.28447
34748261	1.29043
34748502	-0.286072
34749137	1.0989
34750959	-1.85957
34751007	1.24666
34751387	1.24138
34752562	-1.85821
34753375	-1.29638
34753747	-0.450413
34754921	-1.88923
34755007	-0.304422
34757219	2.33107
34757447	0.856242
34758609	-1.5826
34758716	0.859301
34759319	-1.58983
34759989	0.655242
34760388	-1.65475
34760999	0.923107
34761025	0.885881
34762139	-1.68339
34762173	-1.68711
34762339	0.955447
34762982	0.629358
34763240	-1.68324
34763648	0.000969846
34764251	1.01957
34764354	1.01957
34764479	-1.722
34764919	-0.497709
34765044	-0.00519681
34765543	-0.898048
34765782	-1.69771
34766649	0.937027
34766653	0.936251
34766983	0.947882
34768003	0.951483
34768479	0.954585
34768948	0.0310398
34769080	-0.987723
34769219	-0.981582
34769255	0.490937
34769443	-0.192676
34769653	0.469557
34769782	-0.0539448
34770077	-0.586718
34770302	-0.181207
34770370	0.471781
34770494	-0.182508
34771722	-0.0460098
34771805	0.471557
34772501	-0.160593
34772616	0.48683
34772935	-0.0462156
34772982	-0.16127
34773121	0.478457
34773578	0.486913
34773726	-0.0400699
34774031	0.482874
34774834	0.482834
34775019	-0.0482072
34775076	-0.0659467
34775243	-0.18703
34775452	0.041916
34775497	-0.142969
34775510	-0.565332
34775985	0.393739
34776331	-0.069459
34776532	-1.35453
34777238	0.55912
34777559	1.18209
34777725	1.20008
34778351	-0.251063
34779085	0.557001
34779464	-1.89405
34780278	1.15468
34780715	-0.831349
34780936	1.1527
34785471	-1.94243
34785740	1.15179
34786853	1.15273
34787703	1.20483
34788308	1.21521
34789386	-1.94211
34789576	0.198054
34790743	1.35619
34791095	0.691622
34791303	-2.07422
34791897	1.35517
34792189	1.3593
34792702	1.36336
34792902	1.35551
34793300	-0.981743
34793384	-0.11419
34793610	0.682858
34793759	-0.118683
34794024	1.33619
34794686	0.666166
34794889	-0.972399
34794998	0.658011
34795679	-1.28294
34796754	1.19613
34796846	-1.79725
34797334	1.18864
34797803	0.66604
34797962	1.18571
34798421	-1.78798
34798610	-1.78761
34798794	-1.8375
34798883	1.23671
34798935	1.23978
34799345	1.24229
34800228	1.24121
34801589	0.685882
34801591	0.690318
34801630	0.97366
34803167	1.27545
34803432	1.27825
34803694	1.27569
34805210	1.27954
34805390	0.648985
34805524	1.27921
34805862	0.652633
34806170	0.646173
34806192	1.28051
34806466	0.196293
34806561	0.598503
34808486	-1.78474
34808920	1.18256
34809166	1.18764
34809454	0.606631
34809626	-1.78519
34810424	0.591984
34810443	-1.77532
34811180	1.18262
34811928	-0.964246
34812140	-0.249768
34813187	-0.97519
34815099	-0.979872
34815277	1.45349
34815886	-0.957109
34816046	-0.957109
34816531	-0.954477
34816929	-0.958396
34817360	-0.955493
34817504	-0.845166
34817940	-1.08114
34818201	-1.08003
34818811	-0.520279
34819021	-1.14951
34820069	0.570407
34820438	0.579179
34820455	0.58541
34820809	-0.579318
34821105	0.598632
34821598	-0.58463
34821699	-0.58497
34821948	0.4139
34821988	-0.575286
34822410	0.587951
34823501	0.587951
34824169	0.587951
34824391	-0.579189
34824400	-0.579189
34824773	-1.51823
34826143	0.592569
34826425	0.835396
34826680	0.833897
34827168	-1.52209
34827243	0.579319
34827263	0.579319
34827317	-0.0965821
34827518	-0.550544
34827579	0.800922
34828505	0.551103
34829032	-0.121925
34829410	-0.1286
34829848	-0.516072
34830389	0.796184
34830694	0.822158
34830709	0.8081
34830919	0.801765
34831971	-0.156816
34832232	0.480712
34832373	-0.315884
34832436	2.50725
34832907	-0.42549
34833139	-0.435652
34833322	-0.404065
34833459	-0.398173
34833614	0.711244
34834204	-0.391644
34834268	-0.401124
34834649	0.623418
34834844	-0.388345
34835121	0.420839
34835486	0.635772
34836678	0.704758
34836974	-0.236521
34836988	-0.432289
34838264	-0.440821
34838383	-0.445214
34838823	0.706951
34839105	-0.443225
34839217	0.710741
34839613	0.708001
34839904	0.621471
34840167	0.70542
34840318	1.11049
34840798	0.651938
34841140	-0.554748
34841391	-0.553406
34841395	0.77048
34841542	0.771999
34841843	-0.556282
34841902	-0.558483
34842225	-1.28415
34842412	0.579153
34842506	0.473224
34843820	-1.28052
34844648	0.583457
34845011	-1.28194
34845858	-0.55688
34846254	-0.564775
34846516	-0.560447
34846732	-0.564825
34847193	-0.562024
34847225	0.756474
34847474	0.555124
34848020	-0.554973
34848769	-0.275211
34849033	0.551891
34849573	1.67688
34850509	-0.10801
34850902	-0.720477
34851049	-0.719358
34851183	0.607422
34851760	0.869724
34851929	-0.724763
34851961	0.604063
34851977	-1.43119
34852020	0.607951
34852094	0.602581
34852120	-0.707942
34852152	0.600507
34852277	0.605658
34853155	0.60663
34853346	-0.722828
34853382	0.858518
34854066	-0.288511
34854233	0.377102
34854662	0.449313
34855826	0.566676
34856891	0.17557
34856934	0.172917
34856976	-0.995481
34857046	0.442098
34857179	0.141904
34857332	0.42504
34857390	0.42504
34857579	0.141609
34857667	0.974229
34857707	0.578446
34857834	0.0920064
34857948	-0.940877
34858084	-0.393536
34858413	0.434993
34859150	1.69051
34859295	0.523011
34859996	1.43739
34860199	1.44393
34860346	1.76135
34860583	1.27644
34860858	1.27543
34861468	-1.20409
34861732	0.700571
34861897	1.6854
34862466	-0.229083
34862655	-0.421642
34862837	-0.421642
34862880	-0.423809
34863660	1.69742
34863718	1.701
34864506	1.69898
34864880	-0.720455
34865017	1.39895
34865133	1.4121
34865160	0.733137
34865367	-0.416752
34865504	1.7408
34865544	1.41677
34865647	1.39983
34865907	-0.116119
34866220	1.39846
34867028	-0.283969
34867089	-0.792567
34867444	-0.710885
34867695	-0.791021
34867947	-0.788023
34867968	-0.924062
34868267	1.66972
34869181	-2.04414
34869267	1.36987
34869328	1.36272
34869548	1.36717
34870111	-2.04037
34870234	1.3643
34870240	-0.283338
34870418	1.41144
34870439	-0.794882
34870506	-0.788551
34870552	-0.794121
34870576	0.611017
34870994	-0.807779
34871463	-0.27388
34871556	-0.274224
34871719	1.2045
34871943	-0.837534
34872236	-2.04292
34872292	1.36268
34872548	1.67688
34872769	1.36183
34872799	1.36183
34872901	1.6722
34874124	-0.84237
34874295	1.34827
34874360	-2.03691
34874734	-0.74948
34874780	-0.121528
34874815	1.33839
34874906	1.34021
34875949	1.6679
34876176	1.3397
34876507	1.34647
34876562	1.66699
34877761	-0.0583982
34878051	-0.749417
34878809	1.66146
34879154	-0.846064
34879542	1.34151
34879887	-0.136415
34880148	-0.185909
34880245	-0.101024
34880266	-0.746389
34881376	-0.441363
34881592	-0.0517681
34882220	-0.774578
34882647	-0.0209889
34882840	-0.695883
34883564	-0.404425
34884001	-0.704993
34884405	-0.703256
34884992	-0.403646
34885510	-0.275503
34885522	1.59749
34885650	-0.11883
34886417	-0.112026
34886601	-0.567168
34888763	-0.0659564
34889546	-0.170392
34889770	0.537389
34890131	-0.454053
34890657	1.62307
34891010	-0.169678
34891379	-0.0811216
34891579	-0.202144
34891730	-0.194913
34892271	1.47436
34892293	-0.195798
34892681	-0.128131
34893130	0.049465
34893259	0.0331265
34893286	1.47397
34893344	0.393286
34894166	-0.0990102
34894777	-0.522902
34894928	-0.522902
34894979	-0.0968803
34895100	-0.0473296
34895271	-0.0923166
34895812	-0.074678
34896165	1.43506
34897182	0.0428082
34897206	-0.0807089
34897445	1.51162
34897944	0.529511
34898739	0.0682748
34899012	1.44914
34899070	1.45563
34900179	-0.241995
34900747	-0.241995
34901315	0.339378
34901364	-0.41602
34901878	-0.826627
34902103	-0.0751505
34902115	0.471197
34902334	0.561998
34902363	-0.11684
34902521	-0.105182
34902894	-0.122924
34903513	-0.489923
34903671	0.540958
34904070	-1.16065
34904399	-1.28071
34904509	-0.77985
34905145	-0.776537
34905568	-0.113282
34905847	-1.26134
34905987	1.68026
34905994	-1.26139
34906045	-1.26111
34906233	0.371884
34906562	0.366618
34906738	0.343811
34906839	0.375109
34906954	-1.28338
34907261	-0.1064
34907804	0.380741
34907912	-1.27983
34908081	-1.28153
34908692	-1.29082
34908878	0.398679
34908881	-0.09725
34908900	0.39586
34908929	-0.115254
34909066	-1.27353
34909078	0.529126
34909572	-1.28674
34909650	0.394441
34909675	-0.0971062
34909926	-1.28447
34910077	0.387822
34910217	-0.105336
34910397	-0.102853
34910433	0.398958
34910835	-0.0913707
34911342	0.369104
34911420	-0.11331
34911691	1.69883
34911870	-2.42313
34911967	-0.110923
34912013	-0.110254
34912289	0.357939
34912861	0.358839
34912908	0.363014
34913164	0.361293
34913265	-0.117258
34914137	0.3619
34914360	-1.26087
34914480	0.362687
34914650	-1.25807
34915006	0.363598
34915370	-1.26094
34915446	-1.26066
34915756	-0.115046
34915871	-0.11509
34916062	0.361235
34916345	-0.117095
34916367	1.71551
34916484	0.360607
34916657	1.71324
34916710	0.35979
34916785	-1.25582
34916868	-1.2553
34917143	1.23652
34917272	2.01112
34917363	-1.17249
34917616	-1.16907
34917809	-0.43638
34917836	0.651323
34918375	-0.909895
34918570	2.00697
34919068	0.671857
34919087	0.0641108
34919187	0.0374587
34919362	0.0328353
34919867	0.0265151
34920301	-0.636798
34920949	0.0344318
34921399	0.0303786
34922378	-0.442139
34922415	0.294452
34922438	-0.698183
34922603	-0.420138
34922772	-0.418799
34923122	0.036536
34923177	0.061389
34923216	-1.18455
34923321	1.82166
34923870	0.0422412
34923990	0.0510392
34924297	-0.641275
34924316	0.502098
34924362	-0.50697
34924669	-0.136734
34924865	-0.507754
34924891	-0.520873
34925533	-0.141874
34925752	0.481558
34925778	-0.150969
34925994	0.0790487
34926093	0.0695136
34926338	1.85196
34926533	0.350762
34926537	0.349274
34926957	0.479949
34927422	1.85882
34927442	-0.160339
34927553	-0.492452
34928110	-0.492452
34928151	0.0437382
34928156	-0.496896
34928327	1.25203
34928522	0.444839
34928528	-0.0753434
34928626	-0.262282
34928913	-0.457724
34929051	0.385515
34929056	0.419715
34929160	-0.232314
34929474	0.41013
34929583	0.414209
34929860	-0.235584
34929912	-0.592481
34930185	-0.234092
34930239	0.379495
34930531	-0.0169261
34930706	-0.58843
34930731	-0.196442
34931184	0.0742675
34931303	-0.227634
34931349	1.68489
34931401	-0.421667
34931553	-0.195328
34931589	-0.417982
34931674	2.44946
34932026	-0.354313
34932029	-0.285157
34932034	-0.299535
34932469	1.79221
34932604	0.258914
34933221	-0.318195
34933536	1.79163
34933675	-0.310997
34933689	0.513861
34933900	-0.306218
34933921	-0.502218
34933978	-0.357045
34933982	1.14985
34934069	-0.357487
34934090	-0.359336
34934237	-0.372259
34934263	-0.142798
34934295	-0.390409
34934321	1.79616
34934583	-0.129502
34934652	-0.129502
34934741	-0.333054
34934749	-0.322016
34934755	-0.331623
34934900	-0.389448
34934946	-0.488143
34935091	-0.396224
34935111	-0.394556
34935122	0.192537
34935124	0.539579
34935239	1.80908
34935369	-0.425354
34935421	-0.425354
34935433	1.80425
34935495	-0.41206
34935500	-0.41206
34935555	-0.426842
34935661	-0.127936
34935742	-0.223615
34935836	-0.474013
34935837	-0.430512
34936252	0.16086
34936530	-0.237472
34936690	-0.419144
34936820	1.80251
34937076	-0.425079
34937138	-0.2291
34937330	-0.429656
34937363	-0.224547
34937416	-0.435153
34937486	-0.219079
34937601	-0.277274
34937697	-0.125759
34937698	-0.439935
34937813	-0.288348
34937884	-0.28668
34937901	-0.126947
34937931	-0.276658
34938001	-0.210988
34938115	0.553085
34938199	-0.438334
34938265	-0.137753
34938269	-0.449507
34938310	-0.448917
34938456	-0.186178
34938551	-0.190591
34938783	-0.273148
34938840	-0.472303
34938935	-0.189472
34938962	0.556313
34939292	-0.482547
34939443	0.102515
34939516	1.80551
34939631	-0.482621
34940353	-0.177911
34940446	-0.124889
34940568	-0.267608
34940737	-0.482996
34940844	-0.482996
34940982	0.544451
34941025	0.544451
34941048	-0.487785
34941088	-0.266513
34941098	1.80805
34941358	-0.471995
34941364	-0.186294
34941494	-0.123449
34941845	-0.26733
34941876	-0.123605
34941969	-0.495014
34942010	1.80596
34942313	1.80596
34942519	-0.123608
34942576	1.80585
34942836	-0.495021
34943229	-0.489833
34943491	-0.148962
34943747	-0.121278
34943954	-0.493618
34944164	1.80623
34944212	-0.493575
34944371	0.562133
34944524	-0.118802
34944566	-0.116917
34945228	-0.264283
34945827	-0.493674
34945977	-0.484615
34946115	0.0931603
34946303	-0.468051
34946307	-0.468051
34946712	1.80772
34947040	-0.154577
34947056	-0.117352
34947496	-0.158276
34947693	1.8135
34947864	0.074438
34947944	0.556474
34948586	-0.268953
34948827	-0.50156
34948876	-0.150013
34949116	-0.126336
34949198	1.81089
34949502	0.0757793
34949866	-0.265937
34949991	-0.512744
34950196	0.562739
34950745	-0.515809
34950861	-0.521153
34950904	-0.509043
34950920	-1.47992
34950950	0.568736
34951606	-0.145896
34951945	-0.517378
34951993	-0.136515
34952115	-0.144786
34952177	-0.125691
34952189	1.93031
34952241	-0.132596
34952333	1.82088
34952409	-0.14187
34952565	-0.131593
34953055	-0.510471
34953524	-0.528513
34953529	-0.523221
34953982	-0.1317
34954232	-0.259102
34954479	-0.130116
34954715	-0.534925
34954893	-0.534925
34955407	-0.525837
34955584	-0.266303
34955674	-0.528788
34956291	0.0303424
34956341	0.583955
34956375	-0.559792
34956500	-0.559792
34956567	-0.268478
34956634	1.8183
34957074	0.587063
34957211	-0.573599
34957273	-0.573599
34957284	-0.130186
34957351	-0.573567
34957455	1.83173
34957517	1.83173
34957833	-0.363258
34957838	-0.310473
34957910	-0.612251
34957937	-0.608621
34958008	-0.129555
34958279	1.82687
34958286	-1.4321
34958467	1.78536
34958497	-0.152363
34959058	-0.0165301
34959456	-0.200615
34960175	-0.63305
34960419	-0.63305
34960725	-0.0183199
34960908	-0.153316
34961064	-0.145319
34961066	0.0422969
34961158	-0.6396
34961161	-0.6396
34961410	0.0229712
34961611	-0.678478
34961756	-0.130266
34962154	-0.678493
34962272	1.78595
34962333	-0.674325
34962399	1.78484
34962899	1.78641
34962928	-0.130385
34963046	-0.130385
34963102	0.0259143
34963224	-0.212377
34963416	-0.12851
34963459	-0.681066
34963728	-0.13475
34963763	1.78886
34963860	-0.482974
34963916	-0.0587501
34964082	1.77796
34964325	0.023699
34964344	-0.142443
34964441	-0.223698
34964551	-0.157515
34964636	-0.102793
34965407	0.0643139
34965408	0.0470282
34965557	-0.251582
34966459	1.73558
34966492	-0.664357
34966755	1.61684
34968327	-1.43812
34968523	-1.02195
34969112	1.87387
34969534	0.390839
34969626	-0.56813
34969640	-0.57104
34969855	1.86318
34970164	-0.816263
34970742	0.940624
34970817	-1.47681
34971059	-1.47957
34973562	0.192187
34975067	0.700524
34976370	2.31194
34977312	0.182158
34978096	-1.50088
34978249	-1.52955
34978520	0.950918
34978892	0.957539
34979322	-1.52712
34979505	-1.72154
34979888	-1.52017
34980103	0.959496
34980542	0.195903
34981372	0.95273
34982146	0.963684
34982148	0.964236
34982233	0.962772
34983321	0.971224
34983827	0.967925
34984572	-0.277751
34985446	-1.55118
34986511	-1.52821
34987357	-0.278832
34989045	0.974185
34989901	0.197304
34989919	-1.52862
34990057	-1.54263
34990757	-1.73264
34990982	0.197071
34991727	0.968845
34992451	-1.55865
34993477	-1.53181
34993688	-0.28347
34993777	0.19685
34993938	2.27898
34994137	-1.56918
34994175	0.215654
34994522	0.972357
34995110	-0.264834
34996676	-1.57844
34996717	0.214335
34996953	0.966573
34997562	0.96503
34998151	-0.272365
34998290	-1.73399
34998746	-1.57951
34999080	0.214403
34999484	-0.277327
34999745	1.3869
35000358	0.973355
35000849	0.207109
35000983	0.978591
35002529	0.974248
35004340	0.972393
35004623	0.20687
35004696	0.228012
35005370	0.846779
35005686	0.84241
35005768	2.29525
35005902	-0.170245
35006465	1.19966
35006708	1.19966
35008078	1.18944
35008383	1.21089
35008776	-1.95894
35009086	1.20107
35009203	1.20003
35009233	1.19306
35010329	-1.95673
35010469	-1.95673
35011743	-1.95244
35014742	-1.95462
35014897	-1.96067
35014972	1.2079
35015278	-1.97006
35015437	-0.172763
35016102	1.18719
35017205	-1.947
35017363	-0.558632
35018936	1.1766
35022908	-1.95361
35024776	1.19052
35024965	-0.568002
35025682	-1.95791
35026368	-1.95945
35027770	-0.158143
35027859	1.19726
35028075	-0.46967
35028511	-1.39619
35028935	-1.22674
35030285	0.0230068
35030493	-2.91848
35030561	-2.89281
35030684	1.94168
35031576	1.95505
35031668	1.95103
35032150	-0.935623
35032241	1.90691
35033098	-1.65404
35033491	1.07241
35034307	0.806191
35036029	-1.43472
35036398	1.47511
35036759	-1.16699
35037211	-0.980685
35037483	-1.13824
35038309	-1.14852
35038360	0.448692
35038701	-1.05777
35039841	-1.06334
35040577	-1.14455
35041194	-2.29883
35041693	0.271967
35041920	-1.01127
35041953	0.209068
35041962	0.327166
35042268	-1.45735
35043180	0.69182
35043231	0.240019
35043295	0.250019
35043594	2.06202
35044104	-0.163486
35044288	-0.529866
35044427	-0.531931
35044681	1.95466
35045192	1.11434
35045357	-0.204831
35045537	-0.47877
35045689	-0.479591
35046092	-0.468753
35047185	-0.0989797
35047330	1.09302
35047369	-0.468807
35047400	-0.107417
35047513	-0.88294
35047533	-0.880259
35048359	-0.07435
35048795	-0.51493
35048948	-0.882915
35049205	-0.549892
35050374	1.09773
35051087	-0.469357
35051239	1.37252
35051806	-0.143692
35051929	-0.200473
35051943	-0.200386
35052312	-0.494363
35052489	-0.499371
35053622	0.0496034
35053634	2.12629
35053783	-0.554062
35053817	-0.791208
35054185	0.0994542
35054400	0.0932839
35054654	-0.548915
35055259	-0.781252
35056121	-0.777804
35056466	-0.777846
35056846	-0.533999
35057097	-0.556137
35057164	-0.562549
35057285	1.0296
35058208	-0.779718
35058677	-0.776427
35058947	0.145051
35059277	-0.606439
35059303	-0.847865
35059352	0.136916
35059370	-0.047308
35060090	-0.153174
35061000	-0.66549
35064805	-0.894278
35065311	-0.648889
35066149	-0.646562
35066306	-0.770536
35067482	0.0972485
35068016	0.0948682
35068208	0.0898723
35068606	0.0843532
35069043	0.091748
35069058	0.091748
35069391	0.556629
35069881	1.29781
35070068	2.58424
35070290	0.664483
35070675	-1.24558
35070841	0.43106
35071009	0.426205
35072118	2.3908
35072257	-1.2682
35072549	0.441857
35073408	-1.25236
35073852	-3.18222
35074000	-0.716403
35074167	0.393104
35074631	-1.17946
35074665	2.41135
35074966	2.40736
35075109	0.39229
35076452	-0.334259
35076479	0.393333
35076548	0.395996
35076731	-1.21816
35077052	0.389548
35077322	-1.21844
35077396	-2.15372
35077578	-2.15659
35077584	-3.16116
35077756	-1.2265
35077887	0.424076
35078029	-0.178331
35078205	0.434689
35078209	2.24031
35079025	0.996171
35079922	0.492389
35082507	0.333983
35083019	0.650794
35083633	-3.03406
35084592	2.21966
35084835	2.21559
35085453	-2.94426
35085927	0.417355
35086887	-0.593757
35087299	1.01347
35088318	2.3195
35088399	2.22118
35088683	2.25809
35089085	-3.20654
35089163	-1.3496
35090344	2.42723
35090546	-1.29721
35091216	-1.30345
35091515	0.594749
35092667	-1.29034
35092770	2.39877
35092951	2.39646
35093029	2.40254
35093070	-3.17184
35094491	-3.1701
35094632	-3.16561
35095254	2.49131
35095324	-2.18748
35095435	2.49349
35095486	2.38826
35095565	2.49032
35095948	0.693875
35096310	2.24804
35096667	2.14348
35096758	2.24151
35098193	2.15879
35098266	-2.92475
35098472	-1.49907
35099386	-0.522161
35099819	-0.52092
35099975	-2.27082
35100014	0.149579
35100877	-2.22562
35101128	-0.532713
35101496	-1.30475
35101738	1.87472
35102366	1.87342
35103009	-2.93036
35103479	0.529074
35103592	-1.43849
35103644	0.529833
35104432	0.533694
35105495	-1.78503
35105698	2.0504
35106064	0.832617
35106287	-0.894905
35106332	-1.44198
35106925	-0.887869
35107595	-1.4415
35107838	0.895374
35108137	-1.44261
35108142	-1.81247
35108696	-0.888439
35108808	-1.44178
35109675	-1.44258
35109737	0.151217
35109750	0.898635
35110118	-0.488326
35110158	-0.487124
35111009	-1.46771
35111157	-0.487584
35111292	-0.162053
35112681	-0.591501
35113307	-0.997993
35113323	1.11056
35113369	-0.955211
35113872	1.34849
35113956	-0.653806
35114278	0.939225
35114329	-0.511815
35114442	-0.505565
35114502	-0.510987
35115731	-0.906288
35116301	-0.496686
35116509	-0.939484
35116630	-0.502963
35116900	2.01487
35117219	-0.906212
35117319	-0.505296
35118229	-0.149303
35118280	1.85549
35118284	1.85856
35118876	-1.26814
35118945	-0.610078
35119323	-1.06465
35119471	0.745441
35119482	2.10239
35119536	-1.87717
35119931	0.198037
35120741	2.03942
35121130	-1.07918
35121226	0.375106
35121379	0.225087
35122033	-1.09734
35122661	1.47144
35123051	-1.00724
35123195	-1.71718
35123574	1.52934
35124040	1.53272
35124175	-1.15129
35124307	1.033
35124496	1.00732
35124560	0.788949
35126217	0.831477
35126837	-0.661625
35127578	-1.009
35127817	-0.462898
35127840	2.31226
35128002	-0.457647
35128397	-0.208406
35128464	0.868844
35128774	0.630902
35129094	-0.159745
35129172	2.02592
35129714	-1.13305
35130273	-0.520627
35130450	2.24172
35130936	-0.525454
35131204	-0.165633
35131751	-0.53773
35132267	0.935324
35133648	2.10926
35134802	-0.496019
35135349	0.237552
35135693	0.129257
35135908	-0.368218
35139072	0.218418
35141449	-0.464174
35142019	-1.07765
35142764	0.158589
35143503	0.162009
35143574	-0.36035
35144156	-0.210871
35144986	0.191717
35145325	-2.49435
35145401	0.206478
35145585	-0.192017
35145787	0.207352
35146033	0.202074
35146596	-0.906229
35146682	-0.453338
35147498	-0.711621
35147693	-0.681075
35148685	0.441144
35148768	-0.792915
35148826	-0.314497
35149184	-0.514519
35149628	-0.126814
35150272	-0.340596
35151133	-0.00124059
35151313	-0.442735
35151341	-0.303116
35151746	-0.142865
35151927	-0.302623
35151965	-0.291508
35152095	-0.348407
35152223	-0.0257048
35153182	-0.298279
35153306	-0.34685
35153878	-0.446058
35154115	-0.312779
35154804	-0.110453
35155001	1.91749
35158401	-0.457843
35161076	-0.715471
35161285	-0.723519
35161288	-0.632279
35161423	-0.634539
35161670	1.83386
35162801	-1.37295
35163114	-0.481012
35163215	0.980705
35163273	0.519687
35163402	-1.77936
35163462	-1.75018
35163486	1.5035
35164108	1.48212
35165138	1.0128
35165602	0.518832
35165800	1.08548
35165836	0.51058
35166798	-1.3053
35167359	-1.29585
35168546	2.08858
35168692	0.313585
35168918	0.316665
35169855	-1.18037
35170820	0.544884
35170928	0.684488
35172122	-1.18805
35172657	-1.18639
35172764	-1.45521
35174136	0.524122
35174288	0.536349
35174595	-0.522354
35175045	-1.20205
35175270	-0.528879
35175390	-0.465565
35176071	-0.533065
35176159	0.553133
35177152	0.499956
35177479	0.535353
35177552	-0.994977
35177771	-1.00426
35177847	0.529353
35178531	1.3448
35178583	0.0944973
35178593	0.495138
35178638	-0.986551
35178709	0.50151
35178800	0.507032
35179651	-0.405184
35179903	-1.01078
35181613	1.16806
35181679	-0.301143
35182542	-0.218861
35182660	-0.64072
35183019	0.0435075
35183577	0.29666
35183838	-0.643513
35184364	8.87135e-05
35184527	-0.00254319
35184552	-0.84052
35184730	-0.065937
35184823	-1.95582
35184998	-0.678292
35185056	2.20093
35185294	-0.468321
35185488	2.17049
35185591	-1.14475
35187348	-0.612855
35187406	-1.12076
35187568	-0.672119
35187913	-0.318843
35188191	-1.18522
35188289	-0.442029
35188507	-0.8511
35188751	-2.141
35189148	-0.0990987
35189245	0.0688912
35190289	0.259076
35190300	0.690867
35190469	0.57211
35190876	0.602764
35191115	0.237372
35191445	0.998207
35191691	-0.248063
35191837	-0.770492
35191943	-0.249479
35192114	0.339333
35192214	-0.491754
35192279	-0.49799
35192629	1.50095
35192655	0.608963
35193128	0.105484
35193131	-1.31161
35193334	0.607453
35193717	1.50288
35195143	0.604645
35195157	0.108102
35195422	0.0670375
35195941	0.499434
35196411	0.0706056
35196437	0.604339
35196599	0.377452
35197279	0.609253
35197377	-1.30499
35197989	0.110701
35198007	0.292945
35198032	1.90281
35198108	1.19814
35198908	-0.510491
35199234	1.75823
35199439	-1.1261
35199880	0.192092
35200269	0.439186
35200327	0.87513
35200916	-0.390755
35200928	-0.488278
35201530	-0.0943069
35201810	-0.0972123
35201842	-0.538016
35201982	-0.423846
35202137	-0.429176
35202424	-0.429176
35203711	0.131197
35204006	-0.369919
35204347	0.131399
35205401	0.131399
35206045	0.204937
35206289	-0.0384959
35206879	0.217931
35207484	-0.316488
35207735	0.327302
35208251	-0.439008
35208638	-0.896226
35210079	-1.47213
35210798	0.212513
35210866	-0.226326
35212288	0.658558
35213042	-0.906798
35213126	0.630588
35213378	-0.87435
35214608	-0.904241
35215726	-0.154963
35216700	-0.356169
35216801	0.416043
35216814	0.102057
35216900	-0.506664
35216935	0.0821907
35217413	-0.723864
35217745	0.334265
35218445	0.683524
35220141	0.676551
35220305	0.564971
35221862	0.128117
35222083	-1.25289
35222681	0.644569
35223158	0.440374
35223945	0.406863
35224018	-0.570625
35226155	0.271352
35226718	-0.3082
35229673	1.1749
35230605	-0.356641
35230968	0.508208
35233347	0.904027
35233474	0.904027
35233856	0.575187
35235430	0.901861
35236734	-0.558837
35236804	0.607153
35236923	0.944444
35237276	0.271766
35237412	1.14494
35238122	1.0094
35238459	0.78022
35239020	1.02141
35239145	-0.678492
35239565	0.743001
35239907	1.06501
35240076	0.793609
35240329	0.232681
35241229	0.488311
35241637	0.836792
35241914	-1.02999
35241989	-1.06256
35242285	0.927168
35242375	0.865474
35242423	0.440533
35242462	0.715829
35242500	0.462435
35242542	0.92339
35242653	0.234556
35242660	0.40037
35244044	0.465639
35244058	0.0564639
35244574	0.452193
35244643	0.203898
35244887	-0.314781
35245287	0.460218
35245447	-0.325108
35245783	-0.0829062
35245907	-0.373185
35246863	0.0771485
35246865	0.706435
35248059	-0.555941
35248491	-0.547344
35248663	0.26301
35248780	-0.664426
35249434	0.0918763
35249670	0.281802
35249818	0.332498
35250518	-1.01356
35251318	0.167906
35252926	0.242939
35253133	0.0471666
35253272	-0.0379856
35254086	0.0620697
35254323	0.286465
35255729	0.30521
35255821	-0.105996
35256047	0.127118
35256693	0.129411
35256938	0.097664
35257160	0.280725
35257161	0.280725
35257316	0.85972
35257588	0.86266
35257906	0.0387029
35258330	0.401007
35258739	0.861037
35259191	0.861436
35259337	0.192022
35259407	-0.16549
35259788	0.157692
35259841	-0.168174
35259882	-0.109639
35259894	0.042418
35259924	-0.161842
35259941	-0.675145
35260057	0.379409
35260187	0.039272
35260226	0.37832
35260927	0.136946
35260971	0.604886
35261034	-0.0879619
35261099	-0.0199293
35261122	0.59634
35261374	0.0852574
35261480	0.0857327
35261508	-0.0720378
35261512	0.316979
35261865	-0.111421
35262184	0.403337
35262186	-0.111905
35263024	0.371171
35263138	0.844034
35263686	0.375324
35263970	0.270609
35263996	0.722056
35264055	-0.0160592
35264381	0.441869
35265444	-0.404136
35265786	0.177701
35266087	0.453757
35266172	0.453757
35266191	-0.403325
35266404	0.574034
35266770	0.546782
35266944	0.498282
35267044	0.108189
35267286	0.687318
35267845	0.550411
35267855	0.0884399
35268423	-0.194823
35268425	0.692675
35268900	0.0805015
35268954	0.512851
35270584	0.511011
35270601	0.24838
35270761	0.15651
35271028	0.472946
35271419	-0.361623
35271539	0.507252
35271880	0.502864
35272605	-0.826258
35272698	0.0173049
35273268	0.0222293
35274829	0.00836194
35274933	0.00201741
35276059	0.549038
35276723	-1.06622
35277088	1.20043
35277270	0.570383
35278333	0.123875
35278959	1.20237
35279301	-0.29222
35279656	0.0947061
35280852	0.0941067
35281100	0.0984522
35282096	0.549123
35282334	0.545697
35284779	0.680298
35285048	-0.313387
35286478	-0.318413
35287500	0.552112
35289043	0.0661268
35289240	0.0749982
35289683	-0.862359
35289757	0.0488992
35289819	-0.856955
35290351	0.0592646
35290365	0.0601773
35291328	-0.864392
35291714	0.0802257
35292312	0.0763808
35292359	0.079061
35293162	0.0764898
35293365	0.240633
35294186	0.0734589
35294797	0.0707821
35295073	-0.857071
35295274	-0.856217
35295360	-0.862848
35296708	-0.855908
35296772	-0.864424
35296846	-0.866863
35297999	-1.05955
35298608	0.066784
35300122	0.0670803
35300905	0.0752983
35301611	0.0820306
35302668	-0.858121
35302969	0.0695565
35303248	0.0818229
35303251	0.284511
35303360	-0.662068
35303823	0.0701904
35304064	0.0607664
35304934	0.0714682
35305859	-0.67401
35306345	0.0888996
35306893	0.826817
35307148	0.0858755
35307568	0.280382
35308369	-0.588873
35308783	0.410853
35308988	-0.56428
35309536	-0.270915
35310054	-0.244635
35310075	0.10334
35310138	0.412893
35310358	0.407605
35310565	-0.566973
35310649	0.427307
35310763	-0.292122
35310764	-0.293016
35310781	-0.576101
35311153	-0.532919
35311418	-0.307924
35311513	0.0617735
35311712	-0.537351
35311725	-0.537351
35311870	-0.3173
35311938	0.137187
35311985	-0.509779
35312145	-0.506576
35312380	-0.328455
35312435	-0.504754
35312583	0.430167
35312590	-0.519319
35312934	-0.322709
35312954	0.0688363
35313100	0.0543688
35313321	-0.336179
35314173	-0.255309
35314299	1.91481
35314455	0.474962
35314854	-0.0867695
35315080	0.243036
35315525	0.71167
35315538	-0.40727
35316846	-1.29883
35317212	0.464071
35317415	-1.27528
35317712	-1.27351
35317717	0.509297
35317860	-1.27001
35318394	0.429237
35318409	-0.511663
35318714	-0.500177
35320084	-0.991928
35320561	0.434927
35320661	-0.989255
35320769	-0.983728
35320946	0.131312
35321005	0.161881
35321585	0.158715
35321599	-0.672308
35321711	-0.972752
35321749	0.148284
35321973	-0.518763
35322211	-0.311612
35322427	0.448774
35322523	-0.285951
35322559	-0.549845
35322907	-0.298211
35322940	-0.539459
35323200	0.158873
35323890	0.433418
35324182	-0.513427
35324243	-0.32228
35324660	0.431621
35325004	-0.438108
35325956	-0.436255
35326805	-0.0591633
35327041	-0.065403
35327748	-0.352848
35327825	-0.351543
35328110	0.105285
35329109	0.645819
35329615	-0.269614
35331173	0.48281
35331642	-0.553751
35333440	0.0975941
35334032	-0.316252
35334668	0.329851
35334767	0.37398
35335068	-0.0524643
35335375	-0.152852
35336175	0.502172
35336222	0.27222
35338200	-0.151377
35338345	-0.153837
35338743	0.982041
35338893	-0.641688
35338902	0.203405
35339639	-0.109143
35340431	-1.58452
35340660	0.520995
35341017	-0.811095
35341086	0.517821
35341679	-0.140548
35343192	0.510598
35343239	0.970299
35343355	-1.55798
35343385	0.199278
35343767	0.974909
35344345	0.975539
35345085	0.975539
35345415	-0.126202
35345626	0.98115
35345764	0.985205
35346420	0.408668
35347116	0.943673
35347493	0.197457
35347685	-0.0167608
35347929	0.920585
35348304	0.927585
35348532	-1.12569
35349242	0.915721
35350090	-1.51986
35351478	-0.733039
35351879	-0.0114932
35352117	0.900245
35353111	-0.0385009
35353842	-0.623436
35353944	0.457396
35354337	0.811842
35354714	0.813451
35356793	0.0502646
35357316	0.0420196
35357649	0.870385
35357715	0.0385213
35358401	0.16214
35358513	0.849069
35360016	0.131064
35360769	-0.616994
35360777	0.0338381
35360989	0.032297
35361518	0.867771
35361912	-0.530634
35362050	0.443952
35362311	0.443423
35362357	0.0955345
35362489	0.900602
35362662	-1.05657
35362952	0.432744
35362979	0.431328
35363078	0.432737
35363469	-0.520023
35363566	-0.0961711
35363823	-0.10096
35363885	0.901824
35364435	-0.0981782
35364569	-0.659296
35364578	-0.621566
35365444	-0.607515
35365675	-0.107552
35365938	0.45529
35365963	0.896154
35366112	0.903058
35366551	0.444443
35366733	-0.607375
35367017	-0.107597
35367408	-0.111381
35367925	0.116764
35368139	0.0924863
35368347	-0.153199
35368700	-0.16017
35369110	0.846304
35369253	-0.555213
35370113	-0.155426
35370178	0.139108
35370337	-0.438563
35370624	-0.160225
35370629	-0.434455
35370801	0.151282
35370830	0.153122
35372432	0.833931
35373372	0.263404
35373380	-1.11263
35373851	0.844665
35373874	0.257323
35374008	0.847195
35374044	0.475665
35374075	0.821644
35374512	-0.261938
35374571	0.239383
35374858	0.235719
35375280	-0.428347
35375958	0.0400659
35376087	0.0391419
35376197	-0.749128
35376590	0.65522
35376938	0.248813
35377514	-1.19979
35378069	0.0894442
35378354	0.484896
35378365	0.087561
35378759	0.0844824
35379408	0.273623
35379448	-1.18815
35379922	-0.30135
35380223	0.561453
35380236	0.560966
35380507	-0.110175
35380732	-0.111558
35380789	-0.572182
35381495	-0.569213
35381907	-0.232766
35381993	0.295783
35382124	0.0549605
35383215	-0.683316
35384432	-0.0922073
35384911	-0.478485
35385138	-0.0800831
35385219	-0.481121
35387418	-0.475946
35387697	-0.341986
35387843	1.68616
35387874	-0.543341
35388189	0.431306
35388239	0.431306
35388274	0.431306
35388778	0.248815
35389291	0.436297
35389487	0.425064
35389661	0.25517
35391200	-0.893304
35391255	-0.898333
35391408	0.253917
35392268	0.263079
35392601	0.427493
35392755	0.426856
35392791	1.97443
35394104	0.925462
35394652	0.251818
35394729	0.251818
35394834	0.0703566
35395940	-0.771096
35395977	0.0670955
35396511	0.259555
35397432	1.70835
35397515	0.389074
35397619	1.17511
35397969	-0.190752
35398659	0.385272
35398762	0.241806
35399110	-0.426878
35399353	-0.441303
35399637	0.384397
35399725	-0.247802
35399975	-0.828502
35402078	0.886575
35402085	-0.182999
35402408	-0.762084
35402443	0.645607
35402815	0.130777
35403124	0.410819
35403189	0.0768162
35403537	-0.891824
35403614	0.201598
35404934	-0.680886
35408126	-0.219165
35408668	-0.593137
35409341	0.0572575
35410601	-0.123216
35410670	-0.594363
35413047	0.738867
35413230	-0.314823
35413922	-0.0738789
35413964	0.83512
35414366	-0.14273
35414547	-0.0518719
35414646	1.21393
35415971	0.200745
35416352	0.307773
35416626	-0.83038
35419868	0.324812
35420169	0.100724
35420792	-0.877804
35420858	0.570494
35420871	-1.25683
35421226	-0.279105
35425650	-0.647231
35425747	-0.647104
35426043	-0.646548
35426136	-0.650437
35426198	-0.0232842
35426907	-0.648406
35426990	-0.0116627
35427140	0.102815
35427232	-0.0209651
35427382	-0.647641
35427425	-0.647207
35427667	0.264524
35428126	0.00845474
35428375	-0.674741
35428418	-0.675837
35428617	0.00733549
35428724	-0.673843
35428832	-0.674353
35429089	-0.67448
35429315	0.156564
35429538	0.158148
35429793	-0.94105
35429798	0.156319
35429972	-0.357703
35430288	0.140814
35430424	-0.674535
35430439	0.150353
35430474	0.1408
35430710	-0.927426
35431183	0.1433
35431324	-0.930974
35431596	-0.925538
35432114	-0.927674
35432234	-0.931625
35432273	0.144897
35432417	0.14239
35433037	-0.935021
35433042	-0.935021
35433345	0.155005
35433448	-0.934486
35433926	-0.357445
35434427	0.0046809
35434644	0.156718
35434662	0.139858
35436986	-0.498644
35438179	-0.2555
35439816	-0.346645
35440976	-0.283972
35440995	-0.315695
35442608	-0.355754
35443444	-1.14678
35445228	-0.48324
35445574	-0.481409
35446125	-0.115492
35446165	-0.225789
35446528	-0.109373
35446922	-0.667046
35446999	-0.663951
35447017	-0.107281
35447084	-0.109442
35447161	-0.106207
35447253	-0.11573
35448987	-0.666051
35450268	-0.499142
35450321	0.257685
35451976	-0.252209
35453717	-0.0854151
35453719	-0.0895526
35455123	-0.683185
35456061	-0.564644
35456153	-0.00219391
35456453	-0.536525
35458271	-1.12914
35458659	0.404898
35458946	-0.218922
35459042	0.00734203
35459704	0.780891
35459957	0.027088
35460271	0.145827
35460629	0.240151
35460843	1.2267
35461514	0.21311
35461685	-0.707711
35463464	-0.598497
35464442	-0.782467
35464771	1.03874
35464885	-0.77982
35466818	0.356952
35466923	-0.81373
35467061	-0.810981
35467896	-0.776627
35468491	1.1797
35468636	0.547076
35469162	-0.944159
35469797	-0.988839
35470000	0.553688
35470816	0.243574
35471369	-1.2698
35472451	0.573024
35472950	-0.426027
35473551	0.494235
35473781	-0.896732
35474818	0.148444
35475052	0.77144
35475090	0.0939858
35475855	-0.900524
35475909	0.459345
35476272	-0.958983
35476856	-0.91198
35478614	0.0865961
35479441	-0.95815
35479735	0.317679
35481588	0.0879184
35482799	0.213178
35482931	-0.962107
35483168	0.0813596
35484057	-0.93982
35484109	0.449818
35485375	0.443583
35486045	-1.16396
35486237	-1.16772
35486538	0.44764
35486755	-0.947981
35487046	0.457173
35487622	1.15991
35487642	1.19377
35487715	-0.968697
35487857	-0.535995
35488898	1.06194
35489891	-1.65905
35491439	-0.304596
35494135	-0.708839
35494475	-0.974415
35494657	-0.918605
35494887	-0.968401
35495129	1.16686
35495441	-1.1888
35495674	-0.860263
35495951	-1.22349
35496605	0.659757
35496673	-0.463709
35496766	0.470622
35496940	-0.721164
35497059	0.441173
35497733	-1.00209
35497792	-0.217136
35497845	-0.93019
35499434	0.342996
35499894	-0.99462
35500365	0.364835
35500371	0.169862
35500390	0.294298
35500496	-0.912699
35500592	-0.323404
35500956	-1.53116
35501478	-1.76942
35501843	-0.526807
35503631	-1.59521
35503696	0.155362
35503801	0.75691
35504290	0.766701
35504397	-0.416698
35504650	-0.26204
35504853	0.927249
35504907	-0.0859491
35505321	-0.674151
35506533	-0.664628
35508190	-0.234137
35508622	-0.655413
35508918	-0.476733
35509553	-0.678912
35510084	-0.643632
35510792	-0.8975
35510907	0.700771
35511743	-0.106434
35511874	-0.101757
35512220	0.18736
35513053	-0.11746
35513783	-0.999915
35514030	-0.992394
35516222	-0.0106652
35518995	-0.653881
35520567	0.409303
35521228	-0.94788
35521311	-0.769031
35521464	-0.0252646
35521469	-0.794997
35521708	0.760438
35521711	-1.32269
35521789	0.597298
35522148	0.689729
35522559	0.0958154
35522638	1.14995
35523119	0.0289505
35523559	0.31178
35523569	0.311324
35523658	-1.03147
35524104	-0.972019
35524161	0.223266
35524499	-0.5015
35524561	-1.04155
35524723	0.468468
35524798	0.46478
35525120	-1.2004
35525390	-1.20047
35525461	0.38378
35525473	0.38378
35525576	0.463413
35525749	0.462209
35525840	0.457627
35525857	-1.90847
35525878	-0.9925
35525930	0.0417711
35526163	0.25736
35526346	0.147775
35526381	0.19838
35526436	0.772461
35526495	0.219684
35526523	0.0642682
35526585	0.119319
35526608	0.121352
35526704	0.226791
35526802	-0.964833
35527557	0.229076
35528093	0.0489946
35528204	-0.946759
35528236	-0.946759
35528452	-0.768802
35528642	-0.779111
35529436	-0.782586
35529465	0.168817
35529548	-0.783039
35529656	0.0635886
35529897	0.892619
35529967	-0.834103
35530018	-0.927116
35530428	0.0700081
35530461	0.164342
35530691	-0.120978
35530692	-0.566279
35532311	0.848392
35532452	-0.0393285
35533097	0.109266
35533266	-0.00419491
35534389	0.901926
35535317	-0.491998
35535477	0.901673
35536087	-0.517084
35536471	0.992262
35536622	0.995957
35536705	-0.258429
35536770	-0.245631
35536806	-0.246336
35536811	-0.246336
35536881	-0.541975
35536972	-0.253716
35537133	-0.210175
35537554	-0.474049
35537775	-0.828624
35538430	0.855805
35538592	-0.586363
35538699	-1.6042
35538954	-0.227529
35539269	1.01722
35539344	0.721681
35539366	0.720445
35539546	0.826672
35539988	0.0978006
35540061	0.594337
35540211	-1.41105
35540398	0.596233
35540594	0.592759
35540677	0.117461
35540704	0.558177
35540748	-1.37497
35540883	-1.57277
35540892	0.815662
35540960	-1.57751
35541465	0.51894
35541726	0.519198
35541810	-1.4788
35541878	-1.44038
35542265	0.614292
35542423	0.615196
35542591	-0.342672
35542658	-0.947828
35543688	0.316585
35543750	-0.0648575
35543759	-0.0102045
35544302	0.948537
35544311	-1.76969
35544493	0.720561
35544703	0.890986
35544737	0.887956
35544832	0.260151
35545094	-0.476863
35545480	-0.474412
35545649	0.88308
35545854	0.894632
35546199	-0.56259
35546361	0.831223
35546437	-1.33653
35546732	0.495032
35547418	-0.169757
35547572	-0.658911
35547662	-0.658652
35547677	-0.658652
35547743	-0.280474
35547772	-0.267116
35547870	-0.281085
35548181	-0.699455
35548202	-0.541418
35548213	0.432819
35548216	-0.124394
35548284	0.291726
35548504	0.285107
35549031	-0.923908
35549633	-1.01701
35549662	-0.972787
35549670	0.240289
35549802	0.379111
35551866	-0.0491491
35552466	-0.588248
35552897	-0.0570313
35553538	-0.330327
35553566	-1.42268
35553793	0.404107
35554120	1.1985
35554411	0.34916
35554815	1.22729
35554838	1.2266
35555980	0.198819
35556019	-0.28849
35556836	0.388255
35558748	-0.262494
35558904	-0.402668
35559101	-0.126968
35559167	1.20555
35559214	-0.438252
35560027	0.212265
35560046	-0.64916
35560205	0.225214
35560298	0.185556
35560344	0.969675
35561328	0.907201
35561459	-0.0842392
35561585	1.20403
35561996	-0.716159
35562171	-0.267197
35562282	-0.266407
35562612	0.265542
35563367	-0.903364
35563890	-0.380958
35564009	-0.49623
35564130	-0.29358
35564535	-0.0125624
35564663	-0.0174734
35564840	-0.627698
35565125	0.141561
35565494	-0.767056
35566223	-0.309505
35566392	-0.408087
35566394	-0.382319
35566613	-0.282015
35566881	0.765009
35566951	-0.816775
35566960	-0.816775
35567107	-0.171285
35567187	0.186058
35567210	-0.946468
35567361	0.213008
35567490	0.194317
35567514	0.19688
35567648	-0.957385
35567667	0.782634
35567922	-0.940257
35568050	-0.942271
35568275	0.206518
35568339	-0.49173
35568413	0.18252
35568434	-0.977913
35568512	-0.504019
35568850	0.208483
35568861	-0.45499
35568864	-1.17644
35568911	0.760266
35568984	0.144321
35569486	-0.573175
35569487	-0.571795
35569498	0.717147
35569682	-0.496564
35569815	-1.04403
35569842	-1.03583
35569886	0.282163
35570073	-0.0036608
35570082	0.105099
35570195	-0.462667
35570378	-0.78466
35570571	0.863394
35570747	-0.76051
35571074	-0.44643
35571353	0.287361
35571914	-1.16404
35572341	0.220886
35573109	0.768114
35573705	-0.961991
35574050	0.206153
35574891	0.245014
35574908	0.245014
35575434	0.212299
35575495	-0.993285
35575550	0.715291
35575775	0.0346187
35575974	0.904361
35576117	0.905901
35576512	-0.890936
35576872	0.210407
35576921	-0.899979
35577396	0.258921
35577519	-0.905661
35577927	-0.879105
35578054	-0.889935
35578344	-0.865264
35578349	-0.416589
35578421	-0.861334
35578560	0.891533
35578649	0.223611
35578931	1.3135
35579225	-1.84704
35579698	1.18084
35579889	1.17256
35580478	0.485547
35580499	-0.150417
35580590	-0.639425
35580703	0.0289139
35581249	-0.761013
35581316	-0.152282
35581348	0.057977
35581768	1.21133
35581792	1.21133
35581929	1.20876
35582231	1.21874
35582259	-0.769888
35582900	-0.142313
35583341	1.21285
35584304	0.506449
35584612	-1.19622
35584657	-0.148553
35584983	1.18808
35584992	1.19006
35585437	1.1952
35585607	1.19391
35585977	-2.20636
35586059	1.19436
35587299	-0.588458
35587988	1.20955
35588118	0.382868
35588160	1.20776
35588602	-0.777135
35588932	-1.19084
35589577	0.0422108
35590534	0.0626117
35590536	-0.967492
35590643	-0.334815
35590819	0.549288
35590852	0.546298
35593491	-0.656471
35593665	0.284008
35593885	-0.36533
35593997	-1.06975
35594319	-1.14261
35594421	-1.00272
35594634	-0.414162
35595704	0.240677
35596889	-0.383668
35597154	0.413673
35597572	-0.314693
35597963	0.322003
35598927	-1.00788
35599211	-1.02247
35601023	-0.380803
35601550	-0.32546
35602151	-1.01445
35602337	-1.01747
35602686	-1.01747
35603188	-1.01868
35603374	-1.01171
35604254	0.52332
35604399	-0.0548382
35604598	-0.529988
35605466	-0.665994
35606032	1.12298
35606269	-0.625033
35607928	-0.555762
35608155	0.324358
35608275	-0.512787
35608933	-0.141831
35610131	-0.138248
35610345	-0.51641
35610484	-0.140509
35610818	-0.51414
35611021	-1.76544
35611044	-0.478033
35611601	-1.14582
35611648	-0.110849
35611917	-0.112833
35612323	-0.116528
35612431	-0.538244
35613772	-0.521175
35614287	0.395351
35614854	-1.27058
35614957	0.39904
35615319	-0.614153
35615422	0.914524
35616123	-0.0450953
35616236	-0.136039
35616674	-0.136525
35616929	0.439073
35617126	-1.62099
35617222	-0.125687
35617551	0.103496
35617578	-0.0828621
35617934	0.780175
35618385	0.796774
35618708	-1.51864
35619283	-1.34692
35619724	0.820625
35620334	-1.34747
35620458	-1.36322
35621187	0.227616
35622896	0.23272
35623147	0.77956
35623281	0.271242
35623483	0.267415
35623996	-1.49347
35624015	0.2757
35624868	0.729194
35625278	0.81002
35626058	0.408225
35627874	-0.853361
35629494	-0.838684
35631174	0.917801
35631210	-1.77329
35632252	-0.799255
35632392	-0.493673
35633439	-0.145926
35633587	-0.145926
35634253	-1.62881
35635056	-1.63075
35635326	0.797924
35635460	0.801322
35635800	0.270825
35637671	-0.402446
35638772	0.500762
35641312	-0.719504
35642430	-0.689545
35642462	-0.689782
35642723	0.7904
35643814	-0.514349
35644497	-0.155875
35644526	-0.155875
35644562	-0.151504
35644794	-0.13969
35644855	-0.527339
35645450	-0.576402
35645623	0.715389
35646329	-0.278853
35646430	0.707029
35647288	-0.28816
35647341	-1.54138
35648301	-0.0767025
35648927	-0.629985
35649022	-0.547322
35649064	-0.548522
35649080	-0.529045
35649181	0.593231
35649203	-0.577193
35649293	0.566423
35650073	0.545492
35655061	-0.579841
35655559	1.35357
35655753	-1.30777
35657763	-0.570319
35657825	-0.567108
35658133	-0.209137
35659435	-0.214203
35661340	0.200107
35661933	-0.845996
35664494	0.485542
35664602	1.52749
35665333	0.606715
35667354	2.12924
35667533	-0.672909
35668078	0.107348
35670589	-0.650473
35671493	-0.651882
35671856	-0.651243
35676122	0.0331893
35677870	0.32117
35678596	1.24917
35682458	0.624258
35686478	1.69509
35687460	-2.24727
35691527	1.53084
35695580	0.883528
35697846	0.471513
35698544	0.424085
35699893	-0.614334
35703608	2.20565
35703777	1.92384
35705483	0.58798
35706780	-0.779489
35708474	-0.0138572
35711301	0.270187
35715905	2.06763
35717039	-0.769812
35718459	-1.32595
35718781	-0.757743
35718782	-0.75362
35723489	-0.860701
35723554	0.290849
35724762	0.646724
35730541	0.0770389
35731800	-0.547863
35732073	2.17239
35732665	0.122285
35733419	-0.864653
35742451	-0.242416
35746616	0.136437
35748845	-0.289588
35749710	0.741654
35749805	2.23939
35750765	-0.879896
35752437	-0.162119
35753511	-1.4626
35754189	0.828492
35754464	-0.194471
35755111	0.0187765
35755114	-1.50453
35756637	-0.900496
35759888	-0.0129162
35762054	0.8292
35769367	-0.16206
35771878	0.0145992
35771956	2.26922
35772246	-0.215444
35774612	0.154701
35775330	0.631182
35775813	-0.920454
35779187	-0.130962
35779421	-0.214648
35779458	-0.0457937
35782371	-0.356256
35786258	2.55466
35786514	-0.216027
35788133	-1.49925
35788567	0.680799
35790590	-0.186152
35792642	-0.127614
35793804	-0.202863
35797606	-0.209423
35798265	0.905099
35800277	-0.447579
35800752	-0.222666
35800771	0.690341
35801889	0.898153
35802040	0.67182
35804393	0.67186
35806782	0.662616
35808163	-0.0344325
35810859	0.791323
35811203	-1.13001
35812250	-0.348875
35813921	-0.975762
35815397	0.559524
35815772	0.206603
35817994	1.99015
35819651	-0.943063
35819895	0.176613
35821664	-1.2771
35822021	0.126758
35822033	-0.732679
35822268	-0.709439
35823642	0.829908
35823818	0.527485
35824160	0.0751222
35824912	-0.261445
35826746	-1.31073
35827958	-0.317148
35829003	-2.74806
35829478	0.735708
35830043	-0.739081
35834968	-0.0223891
35835626	-1.06447
35836310	0.127546
35836614	-0.583149
35836751	0.476421
35837132	-0.970697
35839417	-0.302249
35839744	-0.30562
35839895	-0.608291
35841160	-0.198776
35841576	-0.0191721
35842766	-0.0162091
35843085	1.693
35843193	-0.974388
35843611	-0.976204
35844930	-1.10851
35845424	-0.380489
35846496	-0.282342
35847569	-0.581849
35847990	-0.515502
35849841	-0.56178
35850533	1.96808
35851817	-0.524528
35852469	1.97657
35853091	-0.00321484
35853535	-1.25859
35853766	2.03417
35853874	-0.176283
35854662	0.0145616
35854776	-0.66849
35855878	-0.037006
35856016	0.606503
35856572	-0.457643
35856865	-0.430004
35856870	-0.426316
35856943	0.238057
35857039	-0.452853
35857301	0.197274
35858686	-1.06038
35858781	-2.23027
35859466	-1.60834
35859967	0.396157
35860117	0.517191
35860568	-1.23713
35861029	-0.507863
35861174	-1.30569
35861618	-0.133329
35861696	-0.115041
35861697	-0.115041
35862202	0.547311
35862496	0.536545
35862754	-0.252392
35862812	-0.106734
35863056	0.518236
35863573	-0.187548
35863909	-0.175258
35863972	-0.043368
35864114	-0.0458618
35864247	-1.11553
35864596	-0.0464645
35865302	-0.223708
35865424	-0.222012
35866085	-0.748182
35867066	-0.0819031
35867168	-0.0839886
35867348	-1.45298
35868016	-0.0784207
35868354	-0.589336
35868829	-0.0397118
35868834	-0.0713109
35871007	-0.37116
35871266	-1.12506
35871679	0.077479
35872368	0.0762848
35872548	-0.902836
35873306	0.325504
35873902	-0.914447
35873934	0.270067
35874466	-1.1953
35874869	-1.57397
35875195	-1.19789
35875295	-2.40268
35875537	1.73683
35875576	-1.28297
35876537	1.56333
35877603	-1.9276
35878085	1.66488
35878305	-0.845726
35878791	1.67772
35879029	-0.837152
35879571	-1.89549
35879597	-1.94157
35879671	1.71744
35879951	-1.48595
35880340	-0.859687
35881552	1.57983
35881558	-0.837516
35882499	-0.795765
35882613	-1.75739
35882741	-1.75358
35882786	1.54217
35883178	-1.74428
35883252	-0.808352
35883628	-1.75128
35885155	1.461
35886919	1.43771
35888545	1.46022
35890696	-1.3314
35893012	-2.16003
35894419	-2.1004
35894735	-1.49337
35894923	-1.48896
35895196	1.32594
35895964	1.02428
35898203	-1.40638
35898538	-1.38831
35899278	-0.9591
35899580	1.01501
35900868	1.00967
35900918	-0.935815
35901580	0.973915
35901664	1.00479
35901824	-1.71698
35901841	-0.812946
35901861	-1.91922
35902260	0.910209
35902471	1.81304
35902756	1.07196
35902894	-1.39289
35903747	1.01212
35904578	-0.930699
35904597	1.33011
35904803	-0.683167
35905513	1.16655
35905791	1.16325
35906035	1.16295
35906906	1.16201
35908197	1.16361
35908519	-1.31324
35908645	-2.45409
35908959	-0.599744
35909886	1.08753
35910376	-1.89769
35910718	-1.23206
35911073	1.35855
35911193	1.3353
35911629	1.36257
35912315	-0.702737
35912362	-1.20204
35912754	1.73932
35913571	-0.704226
35914709	0.713114
35915370	0.997489
35916366	-0.749544
35917089	1.41467
35919219	0.837993
35919670	1.00768
35919794	-1.29666
35921097	1.09654
35921554	1.08542
35922253	1.98668
35922809	-1.81537
35924203	-1.32387
35925324	1.40774
35926795	0.99989
35928319	1.35477
35928436	-2.40176
35928746	1.34893
35928779	-2.39777
35929058	1.34857
35929106	-1.5815
35929111	-2.36663
35929232	-2.37695
35929487	-2.38173
35929507	1.83296
35929902	1.31715
35932164	1.54799
35932509	-0.831515
35933516	-1.88541
35936586	-1.52586
35937910	-0.939078
35938113	1.06241
35941082	0.926752
35942251	1.02654
35943831	-1.27617
35944595	1.52044
35944892	-1.89856
35945048	-2.26774
35945456	1.80178
35947216	1.7871
35947565	-1.98481
35949193	-2.38239
35955713	-1.57165
35955756	1.82455
35957322	-1.56547
35957609	0.894652
35958547	-1.5674
35962249	1.58532
35963505	-2.22978
35964388	-2.15833
35964411	-1.7732
35964464	-1.79652
35965158	-1.69464
35968743	-1.72901
35968874	-1.90773
35969066	-1.54182
35969132	1.51319
35971750	1.50068
35972672	-1.17978
35973562	1.14899
35974660	-1.60458
35977163	-1.43071
35977692	1.63613
35977816	-2.55826
35978551	-2.53475
35978584	1.76135
35978816	1.84044
35980005	0.367526
35980099	1.69851
35980334	-2.41176
35981078	-2.12502
35981271	1.71759
35981358	1.57022
35981774	1.72126
35982215	-2.12173
35982255	-2.12141
35983221	-2.11075
35983480	-2.11489
35984271	-2.36788
35985208	-0.400775
35985584	1.56732
35986127	-2.20007
35986777	1.2322
35986927	1.41227
35987004	1.56843
35987728	-2.14921
35987969	1.13755
35990164	1.45539
35991050	-2.18247
35991065	-1.88211
35991734	1.14477
35992770	-1.89989
35992875	0.399275
35993249	-2.16381
35993657	-0.763266
35994255	0.975239
35995452	-1.99019
35998208	1.3637
35998242	-2.00477
35998521	-1.99889
35999521	1.35271
35999988	-2.02428
36000678	-1.9941
36000939	-2.00015
36001396	-2.07242
36001891	1.24159
36002308	1.34464
36006577	-2.01828
36010944	1.24158
36011186	-0.651849
36011269	-2.01773
36012217	-1.97911
36013229	-2.1069
36013671	-1.81062
36014987	-1.55067
36015672	-1.49747
36017006	1.32293
36018597	-0.0548648
36019737	-1.76208
36019899	1.03416
36020342	-1.21541
36020797	1.02692
36021141	1.03123
36021261	1.02263
36022692	-0.706753
36024164	1.12503
36025118	1.2037
36025296	-1.39822
36026057	1.20688
36026489	0.667638
36026628	-1.87082
36028475	-0.849924
36028562	-1.53219
36028855	0.761202
36029500	-0.818454
36029527	0.748839
36029658	-0.94204
36030099	-1.3287
36033069	-1.10924
36034041	0.513216
36035537	0.401123
36038359	0.362971
36039321	0.347531
36039939	-1.10004
36040746	0.645557
36040883	-0.0582226
36041260	0.679951
36041614	-1.03701
36041753	-0.792084
36041783	-1.01513
36042152	-1.01535
36042238	0.840785
36042350	-1.02681
36042712	-1.04514
36043348	0.672116
36044019	0.56974
36044106	0.607073
36044370	0.836365
36044732	-1.07025
36046328	0.697586
36046997	-1.01471
36047280	0.527994
36048329	0.700067
36048545	0.700067
36048724	-0.760323
36048840	0.51182
36049656	-0.981206
36049677	0.776058
36049758	-0.972503
36049828	0.50654
36050503	-1.44651
36050578	-1.00078
36050858	-1.78094
36051366	-1.03897
36051432	-0.967299
36051537	-0.973066
36052138	0.555529
36052212	-1.26728
36053524	0.5601
36053640	-0.776333
36054644	-0.362429
36054713	0.981781
36054985	0.930915
36055045	-0.363921
36055097	-1.38752
36055261	-1.3888
36055416	0.717393
36055553	-0.347663
36055649	-0.234815
36055938	-1.31602
36056863	-0.210387
36056922	-0.295541
36057350	-0.214887
36057626	0.892011
36059179	-0.230651
36059983	-0.86214
36060195	0.0914197
36060804	-0.925759
36061134	0.305044
36061299	-0.925938
36061319	0.130674
36061543	0.861253
36061842	-1.20788
36062969	-0.245
36063471	0.743182
36064642	-1.47569
36064829	0.258234
36066936	-0.37926
36068766	-0.153781
36069037	-0.164048
36069793	0.148625
36071441	-0.412884
36071472	-0.0840617
36071595	-0.133318
36071833	-0.0737139
36072404	-2.19985
36072437	0.0112956
36072478	0.00794595
36073134	0.00805837
36073151	0.035289
36073654	0.276392
36073757	0.725095
36074218	1.13611
36074245	-0.176062
36074540	0.336871
36074613	0.36413
36075696	0.0558918
36075906	0.360601
36076320	-0.180544
36076323	-0.334281
36076910	-0.645608
36077902	-0.190611
36078171	1.08791
36079256	1.08788
36079538	0.621418
36079775	1.54058
36080329	-0.0801212
36081144	-0.524429
36082656	-0.113628
36083047	-0.113628
36083948	-0.110662
36084080	-0.116455
36085055	1.18913
36085167	-0.342381
36086081	-0.141202
36086436	-0.136368
36086557	-0.325114
36087853	1.10216
36088417	-1.71893
36088509	0.151853
36088947	-0.0516804
36089700	0.0337881
36090063	-0.145825
36090287	-0.0094184
36090420	-1.51708
36090919	-1.51489
36091017	-1.67052
36091215	1.22973
36091888	-1.18712
36092555	0.16739
36092757	-0.720139
36093167	-1.1002
36093636	-0.511089
36093840	-0.514033
36093992	-1.21416
36094050	-1.21204
36094140	-0.745541
36095552	-0.963535
36096165	-0.0616626
36096312	0.0697874
36096969	-1.26866
